tree
version=v4
num_class=1
num_tree_per_iteration=1
label_index=0
max_feature_idx=46
objective=quantile
feature_names=Column_0 Column_1 Column_2 Column_3 Column_4 Column_5 Column_6 Column_7 Column_8 Column_9 Column_10 Column_11 Column_12 Column_13 Column_14 Column_15 Column_16 Column_17 Column_18 Column_19 Column_20 Column_21 Column_22 Column_23 Column_24 Column_25 Column_26 Column_27 Column_28 Column_29 Column_30 Column_31 Column_32 Column_33 Column_34 Column_35 Column_36 Column_37 Column_38 Column_39 Column_40 Column_41 Column_42 Column_43 Column_44 Column_45 Column_46
feature_infos=[1:419128] [1:10338] [1:105057] [0:1] [0:800] none [0:250] [0:1] [0:976023576] [0:6526440] [0:951432192] [0:982550016] [1:18] [0:6] [0:1] [0:1] [-1:6] none [0:5] [0:1] [0:1] [0:1] [0:1] [0:1] [0:1] [0:1] [0:1] [0:1] [0:1] [0:1] [0:1] [0:0.88661587149556698] [-0.21174932009488154:0.60552586045175072] [-0.49767089837333339:0.72933988251314252] [-0.21845551685773659:0.8497808874976629] [-0.14635787270554371:0.86530565242711155] [-0.0095105158173862878:0.9992211747005213] [-0.18376535312841397:0.75561688545303729] [-0.74065557590248576:0.4009934048714639] [-0.36854671518786891:0.45727736707654859] [-0.52464986523451362:0.61371751120103912] [-0.15084502832183419:0.78114462520581895] [-0.36208512478133126:0.54324896712804882] [-0.17574111057125183:0.89635337767906353] [-0.24121947486762466:0.4763947487018102] [-0.4129042787730311:0.32995157863203972] [-0.25200364852179286:0.55703542188154131]
tree_sizes=2993 3096 3107 3118 3131 3144 3085 3139 3116 3086 3205 3146 3170 3171 3158 3159 3139 3099 3198 3203 3123 3134 3150 3189 3151 3108 3137 3166

Tree=0
num_leaves=31
num_cat=0
split_feature=31 11 8 0 34 31 2 39 13 8 8 46 37 8 10 8 8 10 31 8 12 9 0 11 42 35 12 8 8 6
split_gain=7.3742 10.8237 4.78093 8.60649 2.9422 2.43109 2.11591 2.00208 1.60952 1.23117 1.09747 1.06198 1.0474 1.01479 1.29328 1.22929 0.835913 0.8 0.8 0.784042 1.82668 1.85385 2.07313 1.15057 0.965352 0.843615 0.835018 0.773809 0.744545 1.22899
threshold=0.34418505304101671 4927496.5000000009 49.500000000000007 16.500000000000004 -0.048768968794115075 0.82174493283393713 5.5000000000000009 -0.035898381982109685 2.5000000000000004 48013.000000000007 46502.500000000007 -0.0034095590780686288 -0.061196742492948222 15398.000000000002 1909275.0000000002 29711.500000000004 126.00000000000001 173627.50000000003 0.072029442296834487 1688.0000000000002 6.5000000000000009 56160.500000000007 162.50000000000003 1506217.0000000002 0.11385187099473881 -1.0000000180025095e-35 15.500000000000002 46004.500000000007 1080.5000000000002 26.500000000000004
decision_type=2 2 2 2 2 2 2 2 2 2 2 2 2 2 2 2 2 2 2 2 2 2 2 2 2 2 2 2 2 2
left_child=2 16 3 8 7 -3 9 -5 -1 11 12 -4 28 14 -13 -15 -2 -10 -9 26 21 22 23 -21 -22 -23 -14 -17 -8 -30
right_child=1 5 6 4 -6 -7 10 18 17 -11 -12 13 19 15 -16 27 -18 -19 -20 20 24 25 -24 -25 -26 -27 -28 -29 29 -31
leaf_value=0.029229273683918738 0.029219765779595848 0.030393316857949507 0.029319008696611228 0.03067552218750156 0.031010864265804232 0.029321370339149132 0.031213922334387634 0.029818959871071762 0.029569455649811803 0.040720869693905114 0.046271927847008953 0.029501076231422754 0.031562266160854772 0.029456130211703044 0.030442383776280359 0.031626298260847424 0.029226818243154082 0.029403458132140542 0.029392336305300477 0.029747471437477763 0.031091320252837305 0.032015471626802225 0.029320467812963068 0.031686569901812123 0.029187055581589436 0.029614784294864249 0.030172597563239811 0.029054019146226726 0.02955076762788723 0.03007190511349599
leaf_weight=14.999999999999998 19 63 15.999999999999998 11.999999999999998 122 12.999999999999998 25 10.000000000000002 10.000000000000002 41 289 10.999999999999998 453 14.999999999999998 124 13.000000000000002 14.999999999999998 9.9999999999999982 9.9999999999999982 9.9999999999999982 376 49 12.999999999999998 22 11.999999999999998 30 23 14.999999999999998 17 35
leaf_count=15 19 63 16 12 122 13 25 10 10 41 289 11 453 15 124 13 15 10 10 10 376 49 13 22 12 30 23 15 17 35
internal_value=0.0302145 0.0176514 0.0309917 0.0234739 0.0285605 0.0281418 0.0318859 0.0150662 0.00109295 0.0275063 0.032646 0.0258426 0.0319045 0.0269517 0.0290824 0.0202624 -0.00579781 0.0103787 0.00537866 0.0323422 0.0309841 0.0257012 0.0176009 0.0244412 0.0326725 0.0303154 0.033803 0.0264501 0.0262878 0.0228787
internal_weight=1888 110 1778 189 154 76 1589 32 35 235 1354 194 1065 178 135 43 34 20 20 988 512 124 45 32 388 79 476 28 77 52
internal_count=1888 110 1778 189 154 76 1589 32 35 235 1354 194 1065 178 135 43 34 20 20 988 512 124 45 32 388 79 476 28 77 52
is_linear=0
shrinkage=1


Tree=1
num_leaves=31
num_cat=0
split_feature=9 0 35 13 40 16 37 33 2 0 18 12 42 34 9 16 38 16 11 40 46 1 37 0 45 10 9 0 2 12
split_gain=6.89132 6.8048 6.5684 2.73441 2.36448 2.06232 2.99045 4.42847 2.33425 1.69499 1.91877 2.81428 2.60537 1.68149 1.51953 2.41837 1.49911 1.31635 1.07399 0.977698 1.76641 0.94902 0.786127 0.643765 1.92581 0.801697 1.27201 0.8 0.631804 0.628183
threshold=6233.0000000000009 16.500000000000004 -0.035663395053852208 2.5000000000000004 0.0023898487695453402 3.5000000000000004 -0.064175430792656821 -0.060823289305768906 9.5000000000000018 252.50000000000003 3.5000000000000004 6.5000000000000009 0.093044562622963997 -0.048266969431751953 433270.00000000006 1.0000000180025095e-35 -0.01023820995784689 3.5000000000000004 1506217.0000000002 0.0082440594540562611 0.024695939949729327 26.500000000000004 -0.039207558515506898 6.5000000000000009 -1.0000000180025095e-35 39906015.500000007 67905.000000000015 4.5000000000000009 2710.0000000000005 8.5000000000000018
decision_type=2 2 2 2 2 2 2 2 2 2 2 2 2 2 2 2 2 2 2 2 2 2 2 2 2 2 2 2 2 2
left_child=1 3 4 -1 -3 6 7 19 14 -10 22 16 29 -4 18 -16 -12 -5 -8 28 -21 -18 -11 24 -20 26 -26 -28 -2 -13
right_child=5 2 13 17 -6 -7 8 -9 9 10 11 12 -14 -15 15 -17 21 -19 23 20 -22 -23 -24 -25 25 -27 27 -29 -30 -31
leaf_value=-0.0010780098630328598 -0.00022363396701051541 -0.00051492745918207809 -0.00069809669281220923 -0.00096518629915250955 -0.0011015310821670934 0.048024946069044817 -0.00093403863204743164 -0.00019907170567628682 0.0013860958683975175 -4.5099105616668863e-05 -0.00025041332413858994 -0.00018212041273524558 -0.0011757571887847677 0.00078203437918989999 -0.00029194378878350235 -0.00088236921781296529 -0.00097367132379151374 0.0010454082668929765 -0.0010250124041556452 -0.00086126805651031031 0.00062520751142805466 -0.00095468818757344471 0.0012772467502884651 8.7057145470749789e-05 0.00031305623766256777 0.00052587108155551117 -0.00044577932408111014 -0.0010577089139122467 0.00062303228782219938 0.00080698231988373748
leaf_weight=22 18 11.000000000000002 19 15.999999999999998 15.999999999999998 257 11.999999999999998 9.9999999999999982 615 9.9999999999999982 17 24 9.9999999999999982 123 34 27 10.000000000000002 10.000000000000002 9.9999999999999982 13.000000000000002 11.999999999999998 17 121 234 21 28 10.000000000000002 9.9999999999999982 39 82
leaf_count=22 18 11 19 16 16 257 12 10 615 10 17 24 10 123 34 27 10 10 10 13 12 17 121 234 21 28 10 10 39 82
internal_value=-0.000220667 -0.00859447 -0.00387574 -0.0252083 -0.0264815 0.000886655 0.000122833 -0.00858696 0.000743034 0.00213024 -0.00101375 -0.0046875 -0.000603448 0.000422535 -0.00251295 -0.0097541 -0.0154545 -0.0142308 -0.00115385 -0.0047561 -0.013 -0.0227778 0.00347328 -0.000591054 -0.00449367 -0.00152174 -0.00597561 -0.015 -0.00114035 0.00169811
internal_weight=1858 217 169 48 27 1641 1384 92 1292 906 291 160 116 142 386 61 44 26 325 82 25 27 131 313 79 69 41 20 57 106
internal_count=1858 217 169 48 27 1641 1384 92 1292 906 291 160 116 142 386 61 44 26 325 82 25 27 131 313 79 69 41 20 57 106
is_linear=0
shrinkage=0.05


Tree=2
num_leaves=31
num_cat=0
split_feature=31 11 9 0 36 8 40 40 8 0 12 4 43 41 35 1 8 35 13 6 44 1 40 0 10 43 13 0 8 9
split_gain=7.89368 5.18615 4.05114 5.98761 2.49284 1.95482 1.73706 2.24709 1.63272 1.7891 1.55972 2.4484 1.48699 1.33704 1.35969 1.30171 1.28842 1.25 1.0496 1.00119 0.831467 1.05133 2.19431 0.718761 0.675 0.661166 0.589107 0.557345 0.886863 0.556653
threshold=0.26253233561367256 4927496.5000000009 10018.500000000002 19.500000000000004 -1.2900320648092151e-05 67.500000000000014 0.021376203656992918 -0.025000023892522271 46658.500000000007 6.5000000000000009 6.5000000000000009 1.5000000000000002 -0.0038720600294484347 -0.01329504917629843 -0.012183180911464512 26.500000000000004 4729.5000000000009 0.0077759114437194405 2.5000000000000004 1.5000000000000002 -0.041937635801597289 12.500000000000002 -0.0020939905070774777 5.5000000000000009 13950243.500000002 0.017228191151955265 1.5000000000000002 21.500000000000004 2088.0000000000005 79854.500000000015
decision_type=2 2 2 2 2 2 2 2 2 2 2 2 2 2 2 2 2 2 2 2 2 2 2 2 2 2 2 2 2 2
left_child=2 4 3 5 -2 18 7 17 9 16 11 20 13 -5 -15 -6 23 -3 -1 -20 -11 27 -23 24 -4 -9 -18 28 -22 -30
right_child=1 6 8 12 15 -7 -8 25 -10 10 -12 -13 -14 14 -16 -17 26 -19 19 -21 21 22 -24 -25 -26 -27 -28 -29 29 -31
leaf_value=-0.00094878847568387347 -0.00010288921520574936 -0.0010744007724355 -0.00064587762530252601 0.0015477563815400315 -0.0010339402393794133 -8.6465821852318493e-05 -0.00094767378694399261 0.00050389340566004814 0.012743556434469222 0.0018634183261686463 0.00060765032901213475 -0.00091968267588957294 0.00053805529828009589 -0.00092158088657983491 -0.00036982096885328436 -0.0010000636730576741 -0.00086118352110104053 -0.00049952020841089969 -0.00060366326389769704 -0.0008571344924359546 0.00073652996132414527 0.00061029737977365392 -0.00096937859407576115 -0.00098988880835500963 0.00051288669968751793 -0.0011541934124238843 -0.00082685239106934552 0.00077689261194760864 -0.0011413285587672524 -0.00065402090969550594
leaf_weight=18 9.9999999999999982 10.000000000000002 9.9999999999999982 18 17.000000000000004 22 9.9999999999999982 52 341 48 866 18 127 10.000000000000002 17 13.999999999999998 10.000000000000002 9.9999999999999982 14.000000000000002 9.9999999999999982 38 13.000000000000002 9.9999999999999982 10.999999999999998 30 9.9999999999999982 17 81 9.9999999999999982 23
leaf_count=18 10 10 10 18 17 22 10 52 341 48 866 18 127 10 17 14 10 10 14 10 38 13 10 11 30 10 17 81 10 23
internal_value=-0.000171504 -0.0119173 0.000715097 -0.00538136 -0.0267073 -0.0184375 -0.00532609 -0.00292683 0.00165793 0.000780591 0.0012963 -0.00226141 -0.000523256 -0.00833333 -0.0153704 -0.0337097 -0.00653846 -0.0175 -0.0247619 -0.0179167 -0.000829596 -0.00242857 -0.0123913 -0.00186274 0.00125 0.00177419 -0.0153704 -0.000921052 -0.00415493 -0.0101515
internal_weight=1895 133 1762 236 41 64 92 82 1526 1185 1107 241 172 45 27 31 78 20 42 24 223 175 23 51 40 62 27 152 71 33
internal_count=1895 133 1762 236 41 64 92 82 1526 1185 1107 241 172 45 27 31 78 20 42 24 223 175 23 51 40 62 27 152 71 33
is_linear=0
shrinkage=0.05


Tree=3
num_leaves=31
num_cat=0
split_feature=31 11 0 8 13 1 41 0 8 38 9 6 8 11 8 33 11 6 8 34 44 8 6 38 18 8 1 8 6 37
split_gain=7.01612 7.50267 3.7602 8.00485 1.79884 1.77176 1.09045 1.0869 1.07721 1.37057 1.20807 2.15262 0.975469 0.927883 0.926547 1.9529 0.916017 0.840693 0.816272 1.73571 1.03936 0.801515 0.659341 0.65188 0.557163 0.721739 1.29538 2.16116 1.46408 1.71905
threshold=0.34418505304101671 4927496.5000000009 19.500000000000004 61.500000000000007 2.5000000000000004 838.00000000000011 -0.023838872083970647 10871.500000000002 48013.000000000007 1.0000000180025095e-35 433270.00000000006 157.50000000000003 1485.0000000000002 747646.00000000012 7741.0000000000009 -0.21265982697426628 272716.00000000006 9.5000000000000018 49.500000000000007 -0.035755443940918404 -0.015263857141419654 81.500000000000014 193.50000000000003 -0.034519101319280258 3.5000000000000004 46658.500000000007 5.5000000000000009 46004.500000000007 17.500000000000004 0.013044502518089035
decision_type=2 2 2 2 2 2 2 2 2 2 2 2 2 2 2 2 2 2 2 2 2 2 2 2 2 2 2 2 2 2
left_child=2 12 3 4 -1 18 -3 -7 9 10 13 -12 21 -5 -9 -16 -6 -8 19 20 -4 -2 -13 -21 -20 26 27 -26 -28 -30
right_child=1 6 5 8 16 7 17 14 -10 -11 11 22 -14 -15 15 -17 -18 -19 24 23 -22 -23 -24 -25 25 -27 28 -29 29 -31
leaf_value=-0.00099003103235547978 -0.00099702005974067242 -0.00099986137857555079 -0.00090269349254028209 -0.00041599084058061291 -0.00066171826737537135 -0.00045621294184021183 -0.00021597601618627071 0.00020647925175712751 0.0097771521174379768 0.00041497102128756723 -0.00084902893623541107 0.0017203191481478344 -0.00098801530226978371 -0.00017845530105878256 0.00064827311078903874 -0.0012437977226949918 -0.00083532591265600669 0.00022033585817004192 0.0023526901553580989 -0.00071094933057489146 -0.00027418566380573475 -0.00061581091920238863 -0.0018818861239030572 0.00089216478094689133 0.00095404441953696845 0.01870139516904255 0.00081918997415373436 -0.00065460811418725459 -0.00085054233428367889 -0.00030743837254807783
leaf_weight=20 10.000000000000002 10.999999999999998 12.999999999999998 11.999999999999998 11.000000000000002 15.999999999999998 10.999999999999998 39 61 68 19 15.000000000000002 13.999999999999998 250 11.000000000000002 11.999999999999998 9.9999999999999982 51 330 9.9999999999999982 22 11.999999999999998 12.999999999999998 95 379 178 67 9.9999999999999982 35 70
leaf_count=20 10 11 13 12 11 16 11 39 61 68 19 15 14 250 11 12 10 51 330 10 22 12 13 95 379 178 67 10 35 70
internal_value=-0.00012 -0.0124312 0.000639864 -0.00314196 -0.0242683 0.0020474 -0.00321918 -0.00525641 -0.00116438 -0.0021618 -0.00357605 -0.0109574 -0.0311111 -0.00225191 -0.00225806 -0.0102174 -0.0140476 -0.000645161 0.00251861 -0.00107143 -0.0107143 -0.0245455 -0.00214286 0.00214286 0.00298877 0.00222598 0.00134581 0.00294344 -0.00226744 -0.00595238
internal_weight=1875 109 1766 479 41 1287 73 78 438 377 309 47 36 262 62 23 21 62 1209 140 35 22 28 105 1069 739 561 389 172 105
internal_count=1875 109 1766 479 41 1287 73 78 438 377 309 47 36 262 62 23 21 62 1209 140 35 22 28 105 1069 739 561 389 172 105
is_linear=0
shrinkage=0.05


Tree=4
num_leaves=31
num_cat=0
split_feature=9 32 0 15 8 37 32 11 0 32 35 10 18 1 12 8 12 39 38 42 12 8 37 10 9 10 2 38 0 28
split_gain=4.47081 5.77989 5.52402 2.39527 2.36703 2.0344 3.45091 1.9585 1.82372 1.8286 1.58488 2.5799 1.11235 1.17962 2.08644 1.25187 1.11044 1.30667 1.03896 0.808352 0.762605 0.940402 1.53509 0.720238 1.76164 1.23106 0.708313 0.542898 0.744048 0.52071
threshold=6233.0000000000009 -0.026144026419537687 19.500000000000004 1.0000000180025095e-35 46658.500000000007 -0.061196742492948222 0.091614284655684733 395482.50000000006 6.5000000000000009 0.0065175618833125558 -0.056075774186855061 4227552.5000000009 3.5000000000000004 5.5000000000000009 3.5000000000000004 44880.500000000007 5.5000000000000009 -0.036310125847318783 0.034226100045408304 0.093044562622963997 13.500000000000002 2116.5000000000005 -0.12475631406267981 40697895.000000007 50389.500000000007 109209879.50000001 10.500000000000002 -0.04877634425647645 207.50000000000003 1.0000000180025095e-35
decision_type=2 2 2 2 2 2 2 2 2 2 2 2 2 2 2 2 2 2 2 2 2 2 2 2 2 2 2 2 2 2
left_child=1 -1 3 7 5 6 -2 -3 9 23 11 -10 -12 15 -15 26 17 -13 27 -16 21 -8 -23 24 -7 -25 -14 28 -4 -18
right_child=4 2 18 -5 -6 8 20 -9 10 -11 12 16 13 14 19 -17 29 -19 -20 -21 -22 22 -24 25 -26 -27 -28 -29 -30 -31
leaf_value=-0.00094690316703723932 -0.0001530775381187526 -0.00090057334466930839 -0.0006232088619750819 -3.0822255865046636e-05 0.010761541271765878 -0.00010835392335813096 0.0013620563379289387 -0.00071212314100824409 -0.00048225939075453248 0.00033232163216065667 0.0017908267215742482 -0.00048479113863188883 3.3225187677290614e-05 -0.00083091797240575349 6.0741961929455273e-05 -0.00063636443253887055 0.00064029964552737807 -7.3155614451657962e-06 -0.00084755768849766001 -0.00096467094911192918 -0.0006110213818483921 -0.00065778900117718518 5.8022397925826331e-05 0.00034788363644634187 -0.0011346215823473693 -0.00079540601600149074 0.00096847585993748678 0.00049293125723035957 0.0014399353574082339 -0.001103680422431644
leaf_weight=13.999999999999998 9.9999999999999982 21 14.000000000000002 14.999999999999998 336 12.999999999999998 30 17 12.999999999999998 30 252 10.000000000000002 285 19 136 24 57 14.999999999999998 13.999999999999998 19 15.999999999999998 13.999999999999995 24.000000000000004 13.000000000000002 19 10.999999999999998 311 116 9.9999999999999982 10.999999999999998
leaf_count=14 10 21 14 15 336 13 30 17 13 30 252 10 285 19 136 24 57 15 14 19 16 14 24 13 19 11 311 116 10 11
internal_value=-8.20538e-05 -0.00676471 -0.00466184 -0.0185849 0.000803357 -0.000142642 -0.00723404 -0.0252632 0.0003958 -0.00662791 0.000920139 -0.00490566 0.00151052 0.00059194 -0.00304598 0.0016129 -0.00198925 -0.011 0.00012987 -0.00112903 -0.00392857 -0.00161765 -0.0068421 -0.0119643 -0.016875 -0.00541667 0.00206376 0.00142857 -0.00541667 0.00132353
internal_weight=1889 221 207 53 1668 1332 94 38 1238 86 1152 106 1046 794 174 620 93 25 154 155 84 68 38 56 32 24 596 140 24 68
internal_count=1889 221 207 53 1668 1332 94 38 1238 86 1152 106 1046 794 174 620 93 25 154 155 84 68 38 56 32 24 596 140 24 68
is_linear=0
shrinkage=0.05


Tree=5
num_leaves=31
num_cat=0
split_feature=31 10 8 1 46 41 8 41 43 43 46 8 42 8 18 42 8 8 18 6 35 40 10 46 16 6 46 19 32 1
split_gain=6.77615 5.88456 3.75046 3.0795 1.99642 2.03718 1.82925 1.66802 1.58127 1.53769 1.4816 1.29058 3.11391 1.49088 1.19209 0.810709 1.45606 0.830769 0.775981 0.715949 0.694567 1.25 0.649422 1.67688 0.976874 0.94885 1.18968 0.81 0.492095 0.471429
threshold=0.41155022111401179 4421837.0000000009 49.500000000000007 1.5000000000000002 0.0042397101605321603 -0.0020538479929337783 46658.500000000007 -0.023838872083970647 -0.003560288998927282 0.010788056869582662 -0.0054804668993655029 7741.0000000000009 0.093044562622963997 7887.0000000000009 4.5000000000000009 0.018525779024196234 44150.000000000007 10925.500000000002 3.5000000000000004 1.0000000180025095e-35 -0.069414706939371074 -0.0032526013667633956 166093913.00000003 -1.0000000180025095e-35 1.0000000180025095e-35 30.500000000000004 -0.00094564293566270455 1.0000000180025095e-35 0.0024546834715396542 26.500000000000004
decision_type=2 2 2 2 2 2 2 2 2 2 2 2 2 2 2 2 2 2 2 2 2 2 2 2 2 2 2 2 2 2
left_child=2 10 3 14 -5 -6 11 -3 -7 -9 -2 20 13 -13 -1 18 17 -17 -15 -16 21 -4 25 -24 -25 26 -20 -27 -22 -12
right_child=1 7 6 4 5 8 -8 9 -10 -11 29 12 -14 15 19 16 -18 -19 22 -21 28 -23 23 24 -26 27 -28 -29 -30 -31
leaf_value=-0.00016943052749635696 -0.00085483138479088548 -0.0007522736180081797 0.0023356366644599574 0.00059920798847628957 -0.00084132912567848783 -0.00042582117220289393 0.010633231790705341 0.00010325571509374829 0.00045340453366466072 -0.0010484964145233311 -0.00075992986453133531 -0.00096408922765900829 -0.0010608729201282694 0.0018767737114521723 -0.00060875683530113892 -0.00034765254802635666 -0.00066181726003212711 0.00025362079443744663 -0.00051428234718244915 -0.00075981916415531012 0.00012047725514506231 -0.00055855975019867968 0.00071651487646479616 0.0022922450626480331 -0.00072978858484892459 0.0009564288613922241 -2.9897797323797787e-05 -0.00018273812682893632 0.00063370664330345461 -0.0008984235906702991
leaf_weight=10.999999999999998 11.999999999999998 13.999999999999998 10.000000000000002 87 17 12.999999999999998 359 49 27 10.999999999999998 10.000000000000002 9.9999999999999982 12.999999999999998 119 11.000000000000002 9.9999999999999982 10.999999999999998 39 17 19 300 9.9999999999999982 23 10.999999999999998 27 90 55 9.9999999999999982 499 10.999999999999998
leaf_count=11 12 14 10 87 17 13 359 49 27 11 10 10 13 119 11 10 11 39 17 19 300 10 23 11 27 90 55 10 499 11
internal_value=-6.56166e-05 -0.0122897 0.000661847 -0.00608108 -0.00263889 -0.00991228 0.00143521 -0.00445946 -0.00375 -0.000833333 -0.0298485 0.00053429 -0.00166667 -0.00092417 -0.0181707 -0.000461165 -0.00583333 -0.00214286 0.000454546 -0.0233333 0.0017033 -0.0075 -0.00122318 -0.00565574 -0.0121053 0.000348837 -0.00402778 0.0035 0.00193367 -0.0378571
internal_weight=1905 107 1798 185 144 57 1613 74 40 60 33 1254 435 422 41 412 60 49 352 30 819 20 233 61 38 172 72 100 799 21
internal_count=1905 107 1798 185 144 57 1613 74 40 60 33 1254 435 422 41 412 60 49 352 30 819 20 233 61 38 172 72 100 799 21
is_linear=0
shrinkage=0.05


Tree=6
num_leaves=31
num_cat=0
split_feature=31 9 8 2 34 36 8 40 36 2 1 13 10 10 32 39 32 41 10 9 6 46 6 41 6 31 36 36 12 6
split_gain=5.34433 5.84659 3.36183 5.32012 2.04995 1.98279 1.78471 1.6645 1.61873 1.37754 1.83802 1.33704 1.16003 2.86658 1.13948 1.19061 1.07143 0.971773 1.01343 0.750729 1.13101 0.663168 0.656818 0.626431 0.574555 1.11692 0.499306 1.30179 0.630682 0.488604
threshold=0.34418505304101671 23209.500000000004 67.500000000000014 9.5000000000000018 -0.040690437252314735 0.00045466578563156337 47744.000000000007 -0.0084241481663394156 -0.0021079924911774979 9.5000000000000018 17.500000000000004 2.5000000000000004 21834184.000000004 24035699.500000004 0.01425115536852894 0.0086877287791754573 -0.15423806786030261 -0.0008924877482500822 66193751.500000007 433270.00000000006 147.50000000000003 0.0042397101605321603 1.0000000180025095e-35 0.0077295502470405971 127.50000000000001 0.090654805468464453 -0.0026169419437263842 -0.0043813746859967997 8.5000000000000018 1.5000000000000002
decision_type=2 2 2 2 2 2 2 2 2 2 2 2 2 2 2 2 2 2 2 2 2 2 2 2 2 2 2 2 2 2
left_child=2 16 3 11 8 7 9 -3 -5 14 -11 -1 -12 -14 15 19 -2 26 -19 -4 -21 -6 -23 -7 -20 -26 27 28 -15 -13
right_child=1 5 6 4 21 23 -8 -9 -10 10 12 29 13 17 -16 -17 -18 18 24 20 -22 22 -24 -25 25 -27 -28 -29 -30 -31
leaf_value=-0.00090554249969452519 -0.00080697348798350788 -0.00046572469680277557 -8.3350992519613798e-05 -0.00039204339507383965 0.00081999710348555535 0.00010742741851215928 0.021126608562719452 -3.1256962138420471e-08 -0.00076600600071582634 0.00092017223623109081 0.00021448222543580042 -0.0004583878661656508 -0.00075381591958480426 -0.00057092073289304903 0.00055766628908626898 -0.0008136428369851182 -0.00085559518740608925 -0.00086045527676185214 0.0018418741093561035 -0.00063679968670772146 2.0542928559563842e-05 0.00098853552656382707 -0.00065304571914897322 -0.00088228818972849632 -0.00031690773745409671 0.001925970002399636 0.001266315363244447 -0.00089642353866019667 0.0020172314349238703 -0.00066433642111297898
leaf_weight=18 14.000000000000002 19 251 23 95 44 286 14.999999999999998 12.999999999999998 607 105 13.000000000000002 9.9999999999999982 10.999999999999998 75 20 9.9999999999999982 18 28 17 23 22 9.9999999999999982 9.9999999999999982 12.000000000000002 12.999999999999998 40 14.999999999999998 37 13.999999999999998
leaf_count=18 14 19 251 23 95 44 286 15 13 607 105 13 10 11 75 20 10 18 28 17 23 22 10 10 12 13 40 15 37 14
internal_value=-3.17795e-05 -0.010625 0.000636261 -0.00533654 -0.00113497 -0.00465909 0.00142857 -0.0141176 -0.0116667 0.000631825 0.00170759 -0.0205556 -0.00157439 -0.00396739 -0.00186528 -0.00319936 -0.0325 -0.00247126 -0.00697183 -0.00238832 -0.00875 0.00185039 -0.004375 0.0012963 -0.00349057 -0.009 0.000631068 -0.00214286 0.001875 -0.0135185
internal_weight=1888 112 1776 208 163 88 1568 34 36 1282 896 45 289 184 386 311 24 174 71 291 40 127 32 54 53 25 103 63 48 27
internal_count=1888 112 1776 208 163 88 1568 34 36 1282 896 45 289 184 386 311 24 174 71 291 40 127 32 54 53 25 103 63 48 27
is_linear=0
shrinkage=0.05


Tree=7
num_leaves=31
num_cat=0
split_feature=9 35 0 31 10 10 0 40 41 43 34 39 10 15 15 15 16 9 33 12 4 7 40 12 9 12 18 40 39 0
split_gain=4.47966 5.25985 4.53506 2.60002 2.28109 2.05594 1.83666 1.83221 1.66693 1.38392 1.33121 1.85606 1.31429 2.17133 1.15673 1.1163 0.944797 0.876623 0.876623 0.861795 2.01304 0.801581 0.766858 0.883838 0.833856 1.15351 0.712809 0.70922 1.13982 0.925714
threshold=6233.0000000000009 -0.04644680017846315 26.500000000000004 0.25625928614452914 4421837.0000000009 2802172.0000000005 8.5000000000000018 0.023385185638016576 -0.023838872083970647 -0.00051965879221119898 -0.052228364572773474 -0.032371078950821315 561611.50000000012 1.0000000180025095e-35 1.0000000180025095e-35 1.0000000180025095e-35 -1.0000000180025095e-35 2476.5000000000005 -1.0000000180025095e-35 6.5000000000000009 3.5000000000000004 1.0000000180025095e-35 1.0000000180025095e-35 7.5000000000000009 50389.500000000007 11.500000000000002 3.5000000000000004 0.0076023545908904108 -0.0033265123377738785 36.500000000000007
decision_type=2 2 2 2 2 2 2 2 2 2 2 2 2 2 2 2 2 2 2 2 2 2 2 2 2 2 2 2 2 2
left_child=1 17 12 6 5 -5 9 8 -6 -2 11 -4 13 21 22 16 18 -1 -8 20 26 -3 23 -11 -25 -26 -18 -28 -29 -30
right_child=3 2 10 4 7 -7 15 -9 -10 14 -12 -13 -14 -15 -16 -17 19 -19 -20 -21 -22 -23 -24 24 25 -27 27 28 29 -31
leaf_value=-0.00079824565105008358 0.00084742779677924251 -0.00076724204631426678 0.0013649781996651813 -0.00015917043628620224 -0.00034025705207171766 -0.00011669380631019659 -0.00046154510822665615 -0.0008178483539305134 9.1979601978558521e-05 -0.0010051872062641527 0.00045450282287766322 -0.00069328306768988966 0.0010342831171601642 -2.5549480906522485e-05 0.065030500395295926 0.041925382104157458 0.0021450054304066688 -0.00080979619988933945 0.0012221614339253182 0.00060658645397965606 -0.00058693723669548401 -0.00071202797110564431 -0.00086755553569838626 0.00032280592634482204 -2.5786801056030516e-05 -0.0008765968406122481 0.00017727759730083286 -0.00093002134209530071 -0.0006225834374935066 0.0011682896711262647
leaf_weight=10.000000000000002 36 23 10.000000000000002 13.000000000000002 18 10.999999999999998 10.000000000000002 10.999999999999998 78 22 119 11.999999999999998 9.9999999999999982 12.999999999999998 20 236 57 10.999999999999998 10.999999999999998 854 18 9.9999999999999982 11.999999999999998 19 37 21 141 11.999999999999998 9.9999999999999982 25
leaf_count=10 36 23 10 13 18 11 10 11 78 22 119 12 10 13 20 236 57 11 11 854 18 10 12 19 37 21 141 12 10 25
internal_value=-0.000185185 -0.00692661 -0.00439086 0.00069378 -0.0060687 -0.02 0.00126866 -0.00294392 -0.000729166 -0.00368263 0.000390071 -0.0109091 -0.0164286 -0.02 -0.0060687 0.00187045 0.00122144 -0.0307143 -0.00928571 0.00141898 -0.00108365 -0.0268182 -0.00806306 -0.00661616 -0.00409091 -0.00706897 0.000102041 -0.00138298 -0.00670213 -0.00214286
internal_weight=1890 218 197 1672 131 24 1541 107 96 167 141 22 56 46 131 1374 1138 21 21 1117 263 33 111 99 77 58 245 188 47 35
internal_count=1890 218 197 1672 131 24 1541 107 96 167 141 22 56 46 131 1374 1138 21 21 1117 263 33 111 99 77 58 245 188 47 35
is_linear=0
shrinkage=0.05


Tree=8
num_leaves=31
num_cat=0
split_feature=9 32 0 8 16 32 0 2 38 10 6 44 42 8 6 36 41 41 10 38 33 46 46 6 6 33 40 0 0 19
split_gain=5.36204 4.9218 5.6572 2.39971 2.24703 1.63123 1.61917 2.57433 1.62974 1.46746 1.22172 1.2 1.0999 1.05603 1.67224 0.671971 0.770565 0.92602 1.5 0.895842 0.872727 0.805111 1.25435 0.873043 1.77164 0.492877 0.921277 0.657801 1.04058 0.702822
threshold=6233.0000000000009 -0.026144026419537687 16.500000000000004 48013.000000000007 3.5000000000000004 0.10321443632744422 267.50000000000006 10.500000000000002 -0.026152997372878951 336128.00000000006 3.5000000000000004 0.013407842820005027 0.10917500077562399 44150.000000000007 147.50000000000003 0.0019135399426353766 -0.01696797932059135 -0.027944653293414137 43443570.500000007 0.082836193783055984 -0.20397676584779464 -0.0054804668993655029 -0.0014068614363871889 36.500000000000007 72.500000000000014 -0.010483806205705022 0.010310313267031539 6.5000000000000009 5.5000000000000009 1.0000000180025095e-35
decision_type=2 2 2 2 2 2 2 2 2 2 2 2 2 2 2 2 2 2 2 2 2 2 2 2 2 2 2 2 2 2
left_child=1 -1 4 6 9 -4 7 13 -8 -3 -10 -7 15 25 -15 16 17 -12 -19 21 -21 -18 -23 -24 -25 -2 27 28 -27 -29
right_child=3 2 5 -5 -6 11 8 -9 10 -11 12 -13 -14 14 -16 -17 19 18 -20 20 -22 22 23 24 -26 26 -28 29 -30 -31
leaf_value=-0.00077461135407971187 0.00079714891995957306 -0.00080244694350668072 0.00029494552596533489 0.030391092864375188 -2.4272006861196352e-05 -0.00073420824158456895 0.001536295823049143 0.00093175417224929254 -0.00026836525851448598 -0.00059951917787402428 0.00028741082690666292 -4.0905891163212088e-05 -0.001003300783856329 -0.00064011312214544197 -0.0012613694270001692 -0.00068219467376282169 0.00056474630765398386 -0.00010382275448059726 -0.0012887067917625294 0.0023993240112243131 -0.00059479719750124874 -0.00021041139371475931 0.00011703970789914629 -0.00066233929800472362 -2.1188101005176219e-05 -0.00017758050297960604 -0.00066735171850116444 4.3438660509865789e-05 -0.00084712200766373354 -0.00038265293980220089
leaf_weight=12.999999999999998 44 21 133 280 12.999999999999998 15.000000000000002 66 599 14.999999999999998 14.999999999999998 24 14.999999999999998 9.9999999999999982 20 26 12.999999999999998 88 15.000000000000002 9.9999999999999982 10.000000000000002 11.999999999999998 9.9999999999999982 52 9.9999999999999982 39 47 25 239 20 17
leaf_count=13 44 21 133 280 13 15 66 599 15 15 24 15 10 20 26 13 88 15 10 10 12 10 52 10 39 47 25 239 20 17
internal_value=-0.00019311 -0.00744444 -0.00561321 0.000771733 -0.0205102 -0.00113497 -6.73279e-05 0.000949856 -0.0028877 -0.0269444 -0.00441558 -0.0116667 -0.00370307 -0.00196347 -0.00913043 -0.00312721 -0.00259259 -0.00826531 -0.015 -0.00133484 -0.0109091 -0.000276382 -0.00310811 -0.00143564 -0.00622449 -0.00112245 -0.00175287 -0.00103715 -0.00544776 0.000117188
internal_weight=1916 225 212 1691 49 163 1411 1037 374 36 308 30 293 438 46 283 270 49 25 221 22 199 111 101 49 392 348 323 67 256
internal_count=1916 225 212 1691 49 163 1411 1037 374 36 308 30 293 438 46 283 270 49 25 221 22 199 111 101 49 392 348 323 67 256
is_linear=0
shrinkage=0.05


Tree=9
num_leaves=31
num_cat=0
split_feature=9 32 0 8 8 34 44 0 31 6 11 36 41 43 38 12 8 8 2 6 1 41 8 37 9 42 11 2 13 43
split_gain=4.95319 5.64059 4.28253 2.31909 2.29632 1.90476 1.73155 1.5498 1.7031 1.41916 1.03244 1.161 1.11907 0.986677 1.67673 0.950577 1.26672 2.05072 2.00835 1.8 0.974675 0.780052 1.07143 0.698702 0.766896 0.85282 0.660091 0.684777 1.07735 0.648148
threshold=6233.0000000000009 -0.026144026419537687 16.500000000000004 48013.000000000007 49.500000000000007 -0.035755443940918404 -0.014061226484042656 9.5000000000000018 0.25625928614452914 1.0000000180025095e-35 4927496.5000000009 0.00014771298844409135 -0.023838872083970647 -0.00051965879221119898 -0.0011083117357649998 6.5000000000000009 2088.0000000000005 9435.0000000000018 38.500000000000007 33.500000000000007 1.5000000000000002 0.0065734733500711585 305.50000000000006 -0.0061762922562030404 19836.000000000004 -0.11035058438171123 184112032.50000003 13.500000000000002 2.5000000000000004 -0.0023295241404370976
decision_type=2 2 2 2 2 2 2 2 2 2 2 2 2 2 2 2 2 2 2 2 2 2 2 2 2 2 2 2 2 2
left_child=1 -1 4 7 9 6 -4 13 15 -3 11 -10 -12 -2 -15 16 -9 18 20 -20 -18 -14 -23 24 -17 -26 -25 28 -28 -27
right_child=3 2 5 -5 -6 -7 -8 8 10 -11 12 -13 21 14 -16 23 17 -19 19 -21 -22 22 -24 26 25 29 27 -29 -30 -31
leaf_value=-0.00073588202359734011 0.00080126030358092714 -0.00070132329745355246 -0.00076745583768706761 0.029073926629287761 0.00019088270683571362 0.00077820971360975698 -0.00018740841966469527 0.00060006694624745605 9.5956790514662737e-06 -0.00070825318839814956 -0.00066472907478856789 -0.00013402656947066508 9.1829802615965055e-05 -0.00081284987728547997 -0.00060794950926871822 -0.00047241728987936659 -0.0010525130339814758 4.1235276025891713e-05 -0.00025796766211837267 -0.00096944074483722241 0.00097184846271955016 8.6286272306396202e-05 -0.00098242142786536838 0.00073469330869852228 -0.00085275697763038678 -3.5092811535111473e-05 0.00057382133533709118 0.0012889007126169409 -0.00095617530232592176 0.00066453760029021812
leaf_weight=13.999999999999998 32 13.000000000000002 19 281 13.999999999999998 112 29 115 10.000000000000002 17 19 17 57 11.999999999999998 125 14.999999999999998 12.000000000000002 82 10.000000000000002 9.9999999999999982 19 10.000000000000002 13.999999999999998 591 10.999999999999998 72 21 66 12.999999999999998 63
leaf_count=14 32 13 19 281 14 112 29 115 10 17 19 17 57 12 125 15 12 82 10 10 19 10 14 591 11 72 21 66 13 63
internal_value=-6.59629e-05 -0.00715596 -0.00504902 0.000855695 -0.0188636 -0.00125 -0.00958333 2.14902e-05 0.000639772 -0.0266667 -0.00484252 -0.0135185 -0.0025 -0.00446746 -0.00631387 0.00127273 -0.00145161 -0.00477444 -0.0126471 -0.025 -0.00467742 6.17286e-05 -0.0075 0.00206573 -0.000900621 0.00020548 0.00275687 -0.001 -0.00676471 0.0012963
internal_weight=1895 218 204 1677 44 160 48 1396 1227 30 127 27 100 169 137 1100 248 133 51 20 31 81 24 852 161 146 691 100 34 135
internal_count=1895 218 204 1677 44 160 48 1396 1227 30 127 27 100 169 137 1100 248 133 51 20 31 81 24 852 161 146 691 100 34 135
is_linear=0
shrinkage=0.05


Tree=10
num_leaves=31
num_cat=0
split_feature=9 32 0 10 15 31 32 15 35 36 0 9 0 37 6 4 12 40 6 43 9 18 0 12 6 36 46 37 2 33
split_gain=4.21641 6.17312 3.88089 2.32499 3.48278 2.18155 1.6388 1.45766 1.027 2.04167 1.01634 1.12645 0.969697 0.843108 0.82672 0.821066 0.857267 0.880488 0.727273 0.691988 0.786096 0.647418 1.21874 1.56995 1.5 0.830055 1.19472 0.606061 0.535757 0.645464
threshold=22010.500000000004 -0.026144026419537687 19.500000000000004 561611.50000000012 1.0000000180025095e-35 0.82174493283393713 -0.15073613716281911 1.0000000180025095e-35 -0.04741303362578813 -0.0033409777219656159 8.5000000000000018 433270.00000000006 7.5000000000000009 6.7889272450755614e-05 8.5000000000000018 9.5000000000000018 6.5000000000000009 0.013362129523863659 1.5000000000000002 -0.010447424731641106 14878.000000000002 4.5000000000000009 162.50000000000003 6.5000000000000009 38.500000000000007 -0.0014283631294665922 -0.016622648351638434 0.043977146562901755 10.500000000000002 -0.049530711359266323
decision_type=2 2 2 2 2 2 2 2 2 2 2 2 2 2 2 2 2 2 2 2 2 2 2 2 2 2 2 2 2 2
left_child=1 6 3 4 12 7 -1 10 9 -4 11 13 -3 -2 -5 21 -17 -18 -14 20 27 -12 28 24 -24 26 -25 -10 -23 -30
right_child=5 2 8 14 -6 -7 -8 -9 19 -11 15 -13 18 -15 -16 16 17 -19 -20 -21 -22 22 23 25 -26 -27 -28 -29 29 -31
leaf_value=-0.00062973187089796824 6.1553681013200994e-06 -0.00067222554499513424 0.00027406850749727221 -0.00010726945527787262 0.00013852200860280765 -0.00091213280630942891 -0.00069737847659942802 0.037346323462142304 -0.00057241424752228754 -0.00058916727231135557 0.0005609511756235905 -0.00066349751226211921 -0.00072725843087630148 -0.00066590407181258337 -0.000612026252857635 -0.00052789317121051385 0.00018676896575709726 -0.00062993291133045233 -0.00056092928925412461 0.00042379414846084032 0.0014132531186888128 -2.173131772954696e-05 -4.4800996804766277e-05 0.00070460032897660474 -0.00086412179176528303 0.00032722769867888431 -0.0010380155742795831 9.6019742294332931e-06 -0.00025951121607666961 0.0012499365534530218
leaf_weight=13.000000000000002 95 10.999999999999998 12.000000000000002 42 13.999999999999998 11.999999999999998 9.9999999999999982 237 10.000000000000002 11.999999999999998 441 25 11.000000000000002 9.9999999999999982 11.999999999999998 15.999999999999998 72 9.9999999999999982 10.999999999999998 195 11.999999999999998 212 12.000000000000002 17.000000000000004 11.999999999999998 31 12.999999999999998 11.999999999999998 26 259
leaf_count=13 95 11 12 42 14 12 10 237 10 12 441 25 11 10 12 16 72 10 11 195 12 212 12 17 12 31 13 12 26 259
internal_value=4.52852e-05 -0.0046817 -0.00305085 -0.0113366 -0.0194681 0.00123333 -0.0297826 0.00140457 0.000256917 -0.00958333 0.000723421 -0.00346154 -0.0283333 -0.00119048 -0.00425926 0.00120874 -0.00316327 -0.00109756 -0.0222727 0.00128821 -0.00529412 0.00162757 0.000532646 -0.005 -0.0158333 -0.000737705 -0.00666667 -0.0109091 0.00147887 0.00289474
internal_weight=1877 377 354 101 47 1500 23 1488 253 24 1251 130 33 105 54 1121 98 82 22 229 34 1023 582 85 24 61 30 22 497 285
internal_count=1877 377 354 101 47 1500 23 1488 253 24 1251 130 33 105 54 1121 98 82 22 229 34 1023 582 85 24 61 30 22 497 285
is_linear=0
shrinkage=0.05


Tree=11
num_leaves=31
num_cat=0
split_feature=31 11 9 0 8 8 46 42 8 0 44 38 45 8 6 34 13 6 8 42 18 12 6 39 9 35 44 8 8 33
split_gain=5.47849 6.2434 2.31068 3.02517 2.21569 2.04455 2.18788 1.55912 1.49333 1.48509 1.41101 1.98127 1.32596 1.46469 1.18627 0.932737 1.16527 1.50693 0.579131 1.17089 0.847081 1.54037 1.35112 0.945053 0.906852 0.767515 1.60794 0.736961 0.672377 0.640152
threshold=0.34418505304101671 4927496.5000000009 10018.500000000002 19.500000000000004 67.500000000000014 150.50000000000003 -0.0036181976389435076 0.040441973383605223 87647.000000000015 8.5000000000000018 -0.014061226484042656 0.017711196725972839 -0.0014738393869745577 15398.000000000002 1.5000000000000002 -0.18583588576664592 2.5000000000000004 47.500000000000007 1688.0000000000002 0.11385187099473881 3.5000000000000004 3.5000000000000004 69.500000000000014 0.0052383432664303382 82145.500000000015 -0.054078746218508979 0.0066488349200605592 2389.0000000000005 2255.0000000000005 -0.03327324781778259
decision_type=2 2 2 2 2 2 2 2 2 2 2 2 2 2 2 2 2 2 2 2 2 2 2 2 2 2 2 2 2 2
left_child=2 5 3 4 14 6 -2 -3 9 12 11 -5 -4 -14 -1 16 17 -11 25 20 -20 22 -22 27 -25 26 -17 28 -23 -26
right_child=1 7 8 10 -6 -7 -8 -9 -10 15 -12 -13 13 -15 -16 18 -18 -19 19 -21 21 23 -24 24 29 -27 -28 -29 -30 -31
leaf_value=-0.00066289098003255312 -3.0378739926097556e-06 2.5114762346658921e-05 -0.00073674654487998091 -0.00012239528804874016 -4.5369079523313785e-06 -0.00066013904116795242 -0.00066250955276945655 -0.00026792891897882269 0.034988545851159319 -0.00095875531547834954 0.00039500969727362505 -0.00091246710151659551 1.204299621250457e-05 -0.00060591294688208956 -0.00063825711688536438 -0.00042507934703220844 0.0030238022800400787 0.0061528281702731219 0.0010900462282579697 -0.00099456142148272148 -0.00066669856383259971 0.00062605536850854023 0.00040798748298250995 -0.00076332269099427892 -0.00034898568178726315 0.00081771384239201776 0.0015087488439229925 0.00052143789007806705 -0.00065078708510630861 0.00019622845872745536
leaf_weight=23 11.999999999999998 62 11.999999999999998 29 23 14.999999999999998 10.000000000000002 12.999999999999998 253 11.000000000000002 132 10.999999999999998 87 38 12.999999999999998 13.000000000000002 12.999999999999998 9.9999999999999982 205 12.999999999999998 18.000000000000004 21 12.999999999999998 13.999999999999998 11.999999999999998 453 18 263 12.999999999999998 32
leaf_count=23 12 62 12 29 23 15 10 13 253 11 132 11 87 38 13 13 13 10 205 13 18 21 13 14 12 453 18 263 13 32
internal_value=9.43398e-05 -0.010625 0.000783133 -0.00387446 -0.0136441 -0.0274324 -0.0177273 -0.00233333 0.00149471 0.00079031 -0.000523256 -0.00875 -0.00412409 -0.0026 -0.0213889 0.00139037 -0.00676471 -0.0140476 0.00164522 0.000612583 0.000939086 -0.000440414 -0.011129 0.000492958 -0.00534483 0.00293388 -0.00467742 0.001633 -0.00529412 -0.00181818
internal_weight=1855 112 1743 231 59 37 22 75 1512 1259 172 40 137 125 36 1122 34 21 1088 604 591 386 31 355 58 484 31 297 34 44
internal_count=1855 112 1743 231 59 37 22 75 1512 1259 172 40 137 125 36 1122 34 21 1088 604 591 386 31 355 58 484 31 297 34 44
is_linear=0
shrinkage=0.05


Tree=12
num_leaves=31
num_cat=0
split_feature=9 32 41 8 2 37 8 1 2 38 10 32 6 10 36 33 43 32 1 9 13 10 36 44 42 35 2 42 21 9
split_gain=4.5144 5.67773 2.51645 2.05686 1.66447 2.00238 1.67348 1.42049 2.17381 1.78191 1.5382 1.70272 1.17347 2.32526 1.76836 1.76323 1.03918 1.01869 1.6223 1.34105 0.967327 1.68595 0.960474 0.929595 0.642632 0.6649 0.610761 0.784674 0.932526 0.583838
threshold=6233.0000000000009 -0.026144026419537687 0.0006683442471835491 584007.00000000012 12.500000000000002 -0.012031018161085257 61.500000000000007 16.500000000000004 9.5000000000000018 -0.0010723781164998837 1537795.0000000002 -0.13515532063677263 12.500000000000002 53760805.000000007 -0.0018726742409980659 -0.10925330333170231 -0.003560288998927282 0.01425115536852894 2.5000000000000004 433270.00000000006 2.5000000000000004 173627.50000000003 -0.0049584316185349491 0.0020907950669759126 -0.077307077968293822 0.0020063714314604159 135.50000000000003 0.014571761438238214 1.0000000180025095e-35 477531.50000000006
decision_type=2 2 2 2 2 2 2 2 2 2 2 2 2 2 2 2 2 2 2 2 2 2 2 2 2 2 2 2 2 2
left_child=1 -1 4 7 6 -6 20 8 17 26 -11 -12 -13 14 15 22 -4 18 19 23 -3 -22 -14 -2 -15 -26 27 28 -9 -21
right_child=3 2 16 -5 5 -7 -8 9 -10 10 11 12 13 24 -16 -17 -18 -19 -20 29 21 -23 -24 -25 25 -27 -28 -29 -30 -31
leaf_value=-0.00063354411998681572 -1.6627587720218563e-05 -0.0007937315660596282 -0.00033737188156929672 0.059137802603196878 -0.0008698921600925353 -3.1318473449232598e-05 -3.3758478327403488e-05 -0.0008867631814172194 0.00059591088906953962 -0.0010203497584305055 -0.00076410479513797547 1.9089773257899121e-05 -0.00086056557636883687 -0.00085972930582516038 -9.4744272534868709e-05 -0.00081025806155542125 0.00042751656971586939 0.00034694836844807015 -0.0012084088314312826 -0.00062866193222015998 8.9976593205558477e-06 -0.00051551393740200335 5.2618081146690228e-05 -0.00068663448948473181 0.0022382475429642257 -0.0004019242551144078 0.00044509003084032127 0.0005654635734161854 0.0005275971276188289 -0.00049665964075247787
leaf_weight=13.999999999999998 245 17 11.999999999999998 227 9.9999999999999982 60 14.999999999999998 15.999999999999998 647 9.9999999999999982 9.9999999999999982 48 12.000000000000002 12.999999999999998 22 18 69 77 13.999999999999998 11.999999999999998 13.000000000000002 9.9999999999999982 10.999999999999998 12.999999999999998 53 9.9999999999999982 121 15.999999999999998 13.000000000000002 33
leaf_count=14 245 17 12 227 10 60 15 16 647 10 10 48 12 13 22 18 69 77 14 12 13 10 11 13 53 10 121 16 13 33
internal_value=-0.00031972 -0.00704545 -0.00495146 0.000581962 -0.0094 -0.00428571 -0.0159091 -0.000127298 0.000821326 -0.0027748 -0.00586956 -0.00489848 -0.00382353 -0.00615108 -0.013254 -0.0193902 0.00191358 -0.0021066 -0.00335962 -0.00259076 -0.02125 -0.0145652 -0.0102174 -0.00120155 -0.000263158 0.0018254 0.00108434 -0.00388889 -0.0087931 -0.0105556
internal_weight=1861 220 206 1641 125 70 55 1414 1041 373 207 197 187 139 63 41 81 394 317 303 40 23 23 258 76 63 166 45 29 45
internal_count=1861 220 206 1641 125 70 55 1414 1041 373 207 197 187 139 63 41 81 394 317 303 40 23 23 258 76 63 166 45 29 45
is_linear=0
shrinkage=0.05


Tree=13
num_leaves=31
num_cat=0
split_feature=11 6 0 0 2 8 31 13 8 12 9 6 2 0 8 6 37 41 12 8 35 28 46 42 45 43 39 0 31 9
split_gain=3.85201 3.78194 3.9432 2.23503 1.88166 1.73875 1.45769 1.22828 1.20714 1.12797 1.5625 1.53636 0.968729 1.55793 1.39079 1.60444 1.17156 1.72216 1.89476 0.96532 1.10671 1.82775 0.921699 0.876623 0.72637 1.08225 0.628893 0.561039 0.54697 0.54
threshold=868297.50000000012 1.5000000000000002 352.00000000000006 21.500000000000004 16.500000000000004 87647.000000000015 0.8409169355619025 2.5000000000000004 101.50000000000001 2.5000000000000004 147288.00000000003 33.500000000000007 10.500000000000002 197.00000000000003 44150.000000000007 147.50000000000003 0.0050266329124416748 0.0068156528775356806 4.5000000000000009 353.50000000000006 -0.014776828711066862 1.0000000180025095e-35 0.043689848695026609 -0.035862758172597757 -0.19628803324113714 0.024717548905748978 0.035447046371461247 13.500000000000002 0.051083129422001695 749108.50000000012
decision_type=2 2 2 2 2 2 2 2 2 2 2 2 2 2 2 2 2 2 2 2 2 2 2 2 2 2 2 2 2 2
left_child=1 3 4 7 8 6 9 -1 27 10 11 28 14 -14 -11 -16 17 22 -19 -20 21 -21 -15 -24 25 -18 -5 -3 -2 -17
right_child=5 2 -4 26 -6 -7 -8 -9 -10 12 -12 -13 13 16 15 29 24 18 19 20 -22 -23 23 -25 -26 -27 -28 -29 -30 -31
leaf_value=-0.00062778485793995361 0.00054935677405909197 -0.00057913996029452575 -0.0017804786519976191 0.00074032429405059214 0.0010468069634094429 0.056353508669454079 -0.00089109618555884809 -0.00023096961162277901 -0.00018939588185631922 -1.3773249182413755e-06 0.00079843241395743773 -0.0010674132995129773 0.00087941720246166642 9.3844395083617546e-05 -0.00054894219874845353 0.0004438939118760804 -0.00043918275794602266 -0.00057564140875880003 1.9740056225192871e-05 -0.00068177026003147102 0.00078089388228557051 -0.00022018842417789028 0.00041184071304408522 -0.00072001569075902643 0.00041836910098834858 0.0013233803957388259 -0.00054102003863322641 -0.00033643423203093172 -0.00023586719255696797 -0.0027437139017489807
leaf_weight=15.999999999999998 12.000000000000002 11.000000000000002 17 121 22 241 10.999999999999998 17 14.999999999999998 370 32 9.9999999999999982 521 93 20 15.000000000000002 11.000000000000002 9.9999999999999982 13.999999999999998 12.999999999999998 14.000000000000002 15.999999999999998 11.000000000000002 9.9999999999999982 190 9.9999999999999982 14.999999999999998 9.9999999999999982 9.9999999999999982 9.9999999999999982
leaf_count=16 12 11 17 121 22 241 11 17 15 370 32 10 521 93 20 15 11 10 14 13 14 16 11 10 190 10 15 10 10 10
internal_value=0.000206568 -0.00565574 -0.015 -0.00150888 -0.0087931 0.00107664 0.000402709 -0.0131818 -0.0158333 0.000545977 -0.0059375 -0.01375 0.000858434 0.00176889 -0.00114458 -0.00944444 -0.000612245 -0.00356354 -0.00992537 -0.00640351 -0.0101163 -0.0156897 0.000175439 -0.00928571 0.00191943 -0.00690476 0.00132353 -0.0235714 -0.00636364 -0.001
internal_weight=1888 244 75 169 58 1644 1403 33 36 1392 64 32 1328 913 415 45 392 181 67 57 43 29 114 21 211 21 136 21 22 25
internal_count=1888 244 75 169 58 1644 1403 33 36 1392 64 32 1328 913 415 45 392 181 67 57 43 29 114 21 211 21 136 21 22 25
is_linear=0
shrinkage=0.05


Tree=14
num_leaves=31
num_cat=0
split_feature=32 10 10 6 12 40 0 8 15 1 0 16 32 1 32 45 12 18 37 39 12 45 9 33 42 9 0 16 12 35
split_gain=4.61288 5.90785 2.73358 4.4418 3.09463 2.12353 1.93912 1.88254 1.73333 1.43478 1.22713 1.40898 1.22615 1.2031 1.07143 0.950994 0.955185 1.80232 2.34117 0.818473 0.794775 0.729633 2.04164 0.752471 0.696695 0.685714 0.560779 0.557292 0.954076 0.533333
threshold=-0.067352822863236878 4141599.5000000005 703119.50000000012 2.5000000000000004 7.5000000000000009 -0.025000023892522271 16.500000000000004 584007.00000000012 1.0000000180025095e-35 10.500000000000002 19.500000000000004 -1.0000000180025095e-35 0.10375181566701182 5.5000000000000009 -0.15423806786030261 -0.19628803324113714 7.5000000000000009 3.5000000000000004 -0.00057283991237192129 -0.032371078950821315 3.5000000000000004 -0.0014738393869745577 174719.50000000003 -0.0032110551827821449 0.064054609841239299 1336.0000000000002 17.500000000000004 1.0000000180025095e-35 13.500000000000002 -0.032831000565833629
decision_type=2 2 2 2 2 2 2 2 2 2 2 2 2 2 2 2 2 2 2 2 2 2 2 2 2 2 2 2 2 2
left_child=1 14 3 6 -5 -3 8 10 25 -6 21 -12 -8 -13 -1 -15 17 24 -19 -14 -20 22 -4 -23 -17 -2 27 -25 -29 -22
right_child=2 5 7 4 9 -7 12 -9 -10 -11 11 13 19 15 -16 16 -18 18 20 -21 29 23 -24 26 -26 -27 -28 28 -30 -31
leaf_value=-0.0005069699720848755 -0.00058380719932750241 -0.00045444688355070851 0.00035063275599475256 -0.00019306452447247051 -0.0004503866749359261 6.2946395020421316e-06 0.00033136067865281542 0.054093412452412032 7.9697798533608004e-05 -0.0016914547193977393 -0.0007140088280667312 0.00070701002442593273 0.0014631425991535919 -0.00040738590989361392 -0.00051965355390616824 0.0013450707278209566 4.3185395255615402e-05 -0.00080437898656936084 -0.00045568355608269472 -0.00056231578133735915 -0.00025055362691764484 0.001253544797791098 -0.00069938482523990739 1.6868663014814832e-05 -0.00085464691926426511 -0.00033637258473506694 -0.00053081145279701945 -0.00032542822844376586 -0.00069659698097820119 0.0016003074880073722
leaf_weight=14.000000000000002 14.000000000000002 15.999999999999998 20.000000000000004 17 12.000000000000002 57 131 244 14.999999999999998 10.999999999999998 11.999999999999998 470 11.000000000000002 18 9.9999999999999982 63 300 19 12.999999999999998 12.999999999999998 9.9999999999999982 52 10.999999999999998 132 9.9999999999999982 9.9999999999999982 19 136 13.999999999999998 30
leaf_count=14 14 16 20 17 12 57 131 244 15 11 12 470 11 18 10 63 300 19 13 13 10 52 11 132 10 10 19 136 14 30
internal_value=-0.000357143 -0.0109794 0.000213061 -0.00482906 -0.02 -0.00390411 -0.00170103 0.000963128 -0.0116667 -0.0319565 0.000221972 0.00119048 0.000806452 0.00140943 -0.0325 -0.000399568 5.618e-05 -0.00327586 -0.00888889 -0.00958333 -0.00349057 -0.00216146 -0.00951613 -0.00151558 0.00226027 -0.02 -0.00247508 -0.00191489 -0.004 1.86265e-10
internal_weight=1904 97 1807 234 40 73 194 1573 39 23 1329 945 155 933 24 463 445 145 72 24 53 384 31 353 73 24 301 282 150 40
internal_count=1904 97 1807 234 40 73 194 1573 39 23 1329 945 155 933 24 463 445 145 72 24 53 384 31 353 73 24 301 282 150 40
is_linear=0
shrinkage=0.05


Tree=15
num_leaves=31
num_cat=0
split_feature=31 8 11 35 6 2 15 11 32 32 2 32 38 8 1 2 8 10 13 36 8 36 44 43 10 40 39 41 13 44
split_gain=3.46054 2.62228 1.87237 4.54778 2.74691 2.04966 1.92796 1.67495 1.19174 1.77788 1.10678 1.24219 1.82315 0.997626 0.970108 0.885731 0.857994 0.973193 2.61007 1.68699 1.32576 1.35758 1.05 1.25 1.03592 0.850694 0.828274 0.575357 0.482922 0.771747
threshold=0.82748317204993915 941104.50000000012 1402133.5000000002 -0.066603893060193556 5.5000000000000009 11.500000000000002 1.0000000180025095e-35 171492.00000000003 0.10321443632744422 0.12509090728278333 5.5000000000000009 0.0084038196034193977 -0.0011083117357649998 15398.000000000002 9.5000000000000018 14.500000000000002 609.50000000000011 63379200.000000007 1.5000000000000002 -0.0018110106899384515 1080.5000000000002 -0.0033409777219656159 0.0041488970575293766 0.00066103838672632107 43925842.000000007 -0.069132091227130044 0.036837693314019655 0.013573261650239346 1.5000000000000002 -0.047761881267945956
decision_type=2 2 2 2 2 2 2 2 2 2 2 2 2 2 2 2 2 2 2 2 2 2 2 2 2 2 2 2 2 2
left_child=1 2 3 -1 5 6 7 -5 26 -10 11 12 -4 -14 15 28 -16 18 24 20 -20 -22 -21 -24 27 -19 -7 -18 -12 -30
right_child=-2 -3 10 4 -6 8 -8 -9 9 -11 14 -13 13 -15 16 -17 17 25 19 22 21 -23 23 -25 -26 -27 -28 -29 29 -31
leaf_value=-0.00052422076894033636 -0.00048451845646053649 0.051277374765941013 -0.00063150190648043501 -0.00063707253215033717 -0.0012142414169626363 0.0010567319149971436 0.00017624562414045344 -0.00027459319493955989 -0.00059344356531439017 0.00090156466076632923 0.00066430352801161521 0.00064427023607067132 -6.8930683074046293e-05 -0.00064990057735177091 5.0780965108445775e-05 0.00097248017871498006 7.8879709606662074e-05 -0.00038911640273650572 -0.00016112777822465868 0.001691799435511677 -0.00081191457330105198 -0.00077821532513316612 7.1497355967593577e-06 -0.00079437276502166603 -0.00091828723363970703 0.00084438204711751385 -0.00077458217186670338 -3.3682720809086796e-05 -0.00050015874645376827 -3.1967771788007399e-05
leaf_weight=10.999999999999998 19 241 11.999999999999998 20 15.999999999999998 123 19 34 10.000000000000002 15.999999999999998 132 46 103 38 120 393 73 15.999999999999998 11.999999999999998 14.999999999999998 9.9999999999999982 11.000000000000002 10.000000000000002 9.9999999999999982 9.9999999999999982 144 15.999999999999998 10.999999999999998 13.999999999999998 193
leaf_count=11 19 241 12 20 16 123 19 34 10 16 132 46 103 38 120 393 73 16 12 15 10 11 10 10 10 144 16 11 14 193
internal_value=-8.42991e-05 0.000130389 -0.00058608 -0.00443396 -0.00307087 -0.00172269 -0.00869863 -0.0135185 0.00136364 -0.00846154 0.000156592 -0.00329146 -0.00545752 -0.00386525 0.000741056 0.00185792 -0.0011086 -0.00245342 -0.00518518 -0.0126471 -0.0207576 -0.0283333 -0.005 -0.0125 0.000212766 0.0003125 0.00320144 0.00202381 -1.47491e-05 -0.00152174
internal_weight=1898 1879 1638 265 254 238 73 54 165 26 1373 199 153 141 1174 732 442 322 162 68 33 21 35 20 94 160 139 84 339 207
internal_count=1898 1879 1638 265 254 238 73 54 165 26 1373 199 153 141 1174 732 442 322 162 68 33 21 35 20 94 160 139 84 339 207
is_linear=0
shrinkage=0.05


Tree=16
num_leaves=31
num_cat=0
split_feature=9 32 0 8 8 34 37 31 2 0 38 41 8 7 32 18 45 12 35 12 9 46 45 12 12 18 34 31 8 31
split_gain=5.61765 5.48609 4.36154 1.88253 1.73558 1.56758 1.92258 1.42631 1.35393 1.31341 1.62481 2.50506 2.05216 1.25 1.06723 0.862479 0.888959 0.768482 1.62483 0.733137 0.967273 0.625483 0.808688 0.730994 0.624011 0.568241 0.566667 0.512871 0.593521 0.511325
threshold=6233.0000000000009 -0.0065737229558820304 19.500000000000004 941104.50000000012 61.500000000000007 -0.035755443940918404 0.010063361480763746 0.8409169355619025 5.5000000000000009 175.50000000000003 0.0058205184349021883 0.013573261650239346 7741.0000000000009 1.0000000180025095e-35 0.0025768659886927009 4.5000000000000009 -0.19628803324113714 6.5000000000000009 -0.031217751046119912 3.5000000000000004 531816.50000000012 -0.059381956971166862 0.025001386508452447 9.5000000000000018 11.500000000000002 3.5000000000000004 -0.056366997439296192 0.26253233561367256 47608.000000000007 0.41155022111401179
decision_type=2 2 2 2 2 2 2 2 2 2 2 2 2 2 2 2 2 2 2 2 2 2 2 2 2 2 2 2 2 2
left_child=1 -1 4 7 13 6 -4 8 14 25 15 17 29 -3 19 16 -11 18 -12 -2 24 -17 23 -23 -21 -10 -8 28 -19 -13
right_child=3 2 5 -5 -6 -7 26 -9 9 10 11 12 -14 -15 -16 21 -18 27 -20 20 -22 22 -24 -25 -26 -27 -28 -29 -30 -31
leaf_value=-0.000465008166720011 -0.00051668269362370261 -0.00049007874458290295 -0.00063133836776631724 0.048267293875063733 -2.7024445197513912e-05 0.00046657975360679194 0.0015841933926004652 -0.00082263018508970179 0.0025589899441269218 -0.00032140942335938844 0.00020945140638678269 -0.00016454011300913563 -0.0013187663696547041 -0.00048560844497524247 0.00062391795562192912 0.0005319936832733985 0.00058017212364269396 0.00040657059487090571 -0.000436433572584393 -9.9928016750807084e-06 -0.0026156581006519844 -0.00089672545515557156 -0.00036294168157392282 0.00049722739701894077 -0.0006825031080343962 0.00028996108601748023 -0.00044702722099096166 -0.00040017223386937365 -0.00076616306255220456 1.3235871980949324e-05
leaf_weight=13.999999999999998 13.999999999999998 20 19 239 15.999999999999998 111 17.000000000000004 10.999999999999998 147 14.999999999999998 16.000000000000004 17.000000000000004 15.999999999999998 15.999999999999998 49 18 163 92 12.999999999999998 83 17 18 18 20 38 638 9.9999999999999982 14.999999999999998 9.9999999999999982 11.999999999999998
leaf_count=14 14 20 19 239 16 111 17 11 147 15 16 17 16 16 49 18 163 92 13 83 17 18 18 20 38 638 10 15 10 12
internal_value=-9.98947e-05 -0.00755605 -0.00552632 0.000890411 -0.0180769 -0.00136943 -0.00913043 0.000208334 0.000346396 0.000969056 -0.00120767 -0.00468586 -0.015 -0.0241667 -0.00345771 0.00142857 0.00331461 -0.00150685 -0.0087931 -0.00552632 -0.00442029 -0.00310811 -0.00571429 -0.00157895 -0.00285124 0.00219745 -0.000555555 0.000299145 0.00156863 -0.00706897
internal_weight=1902 223 209 1679 52 157 46 1440 1429 1228 443 191 45 36 201 252 178 146 29 152 138 74 56 38 121 785 27 117 102 29
internal_count=1902 223 209 1679 52 157 46 1440 1429 1228 443 191 45 36 201 252 178 146 29 152 138 74 56 38 121 785 27 117 102 29
is_linear=0
shrinkage=0.05


Tree=17
num_leaves=31
num_cat=0
split_feature=32 10 11 6 43 41 8 37 2 12 13 2 41 45 13 46 2 11 6 11 27 36 8 18 37 10 34 34 37 41
split_gain=4.30027 5.50653 2.58314 2.68698 2.02449 1.89083 1.78934 1.44838 1.27566 1.10815 1.44129 1.08674 0.87344 0.776471 1.30909 0.744048 1.19472 0.720256 0.709951 2.14343 0.76496 1.11111 1.5083 0.634754 0.827409 0.881762 0.69949 1.77164 0.676133 0.974688
threshold=-0.067352822863236878 4141599.5000000005 868297.50000000012 4.5000000000000009 0.00051789646449796397 -0.022563116861953024 47461.000000000007 -0.028071484657334722 13.500000000000002 11.500000000000002 2.5000000000000004 2.5000000000000004 0.0065734733500711585 0.0024765742235996232 2.5000000000000004 0.002039611357776507 51.500000000000007 272716.00000000006 16.500000000000004 10348172.000000002 1.0000000180025095e-35 -0.005393981344572283 7820.0000000000009 4.5000000000000009 -0.016762158084224096 47999399.500000007 -0.050190531250738919 -0.055854394377449497 0.030152321054820394 0.013573261650239346
decision_type=2 2 2 2 2 2 2 2 2 2 2 2 2 2 2 2 2 2 2 2 2 2 2 2 2 2 2 2 2 2
left_child=1 -1 3 4 7 -3 11 -2 9 10 -9 13 -7 14 -4 -10 -17 -12 -13 -20 23 -22 -23 24 25 -21 27 -25 29 -28
right_child=2 5 6 -5 -6 12 -8 8 15 -11 17 18 -14 -15 -16 16 -18 -19 19 20 21 22 -24 26 -26 -27 28 -29 -30 -31
leaf_value=-0.00043704212530150909 -0.00072079205525148789 -0.00053372880870205348 -0.00051632300591085759 -0.0012122445603061621 0.00037173541222978415 4.2485511188426865e-05 0.022106546280193061 -0.00068899063587185398 0.00028862504429891754 8.9592134026593648e-05 0.00011952629137421204 0.00036464136232760354 -0.00076612193303173069 0.0012635267584819323 -0.00019535192533717168 1.5300283743801691e-05 -0.00059762873223453733 -0.00024204842607306455 -0.0002935212097768602 -0.00067746829336693684 0.0016747804020467456 0.0036451239867472569 -0.00087046657355268698 -0.00031434107768546385 0.00077621043029005407 0.0026550975794396615 2.7487044887512601e-05 -0.00097137584720689493 0.00067363526273023916 -0.00079434982087456382
leaf_weight=19 9.9999999999999982 12.999999999999998 18 14.999999999999998 73 51 277 18 40 13.999999999999998 13.000000000000002 404 14.999999999999998 10.999999999999998 22 17.000000000000004 12.999999999999998 11.999999999999998 18 17 14.999999999999998 13.000000000000002 17 39 249 38 316 9.9999999999999982 60 32
leaf_count=19 10 13 18 15 73 51 277 18 40 14 13 404 15 11 22 17 13 12 18 17 15 13 17 39 249 38 316 10 60 32
internal_value=-0.0001091 -0.0103061 0.000451993 -0.00455556 -0.00309524 -0.00449367 0.00117609 -0.00667883 -0.00523622 -0.0107895 -0.0147674 0.000387021 -0.00106061 -0.00676471 -0.01 -0.000714286 -0.00666667 -0.007 0.000684039 -0.000157767 0.000223325 -0.00611111 -0.0116667 0.000597898 0.00236842 -0.00318182 -0.000579869 -0.00622449 9.80394e-05 -0.000747126
internal_weight=1879 98 1781 225 210 79 1556 137 127 57 43 1279 66 51 40 70 30 25 1228 824 806 45 30 761 304 55 457 49 408 348
internal_count=1879 98 1781 225 210 79 1556 137 127 57 43 1279 66 51 40 70 30 25 1228 824 806 45 30 761 304 55 457 49 408 348
is_linear=0
shrinkage=0.05


Tree=18
num_leaves=31
num_cat=0
split_feature=8 31 0 8 11 6 41 35 1 36 38 42 10 8 0 16 12 13 10 43 40 45 45 13 4 13 43 38 43 18
split_gain=3.10735 2.00301 2.34392 3.88762 2.00735 1.83759 1.74299 1.98294 1.73197 1.45628 1.38374 1.53948 2.81413 1.04292 0.962683 0.925455 0.82999 0.817021 1.05494 0.609524 0.688095 0.609453 0.960488 1.50931 1.1193 1.09501 1.22727 0.591916 0.785024 1.05189
threshold=941104.50000000012 0.25625928614452914 19.500000000000004 67.500000000000014 2291545.0000000005 219.50000000000003 -0.017156628941229716 0.0077759114437194405 9.5000000000000018 0.0012608438365669511 -0.012427612591463367 0.065481086467232621 47999399.500000007 87647.000000000015 138.50000000000003 -1.0000000180025095e-35 13.500000000000002 2.5000000000000004 214227.50000000003 -0.010447424731641106 0.020376713149020006 -0.17106671104447513 -0.0073283014149228892 1.5000000000000002 1.0000000180025095e-35 2.5000000000000004 0.0073960409975160407 -0.044634454894722585 -0.016605741564961262 3.5000000000000004
decision_type=2 2 2 2 2 2 2 2 2 2 2 2 2 2 2 2 2 2 2 2 2 2 2 2 2 2 2 2 2 2
left_child=1 2 3 17 9 -5 7 -6 15 -3 14 13 -13 21 -10 -4 19 -1 -19 -8 -21 -12 -23 -24 25 -25 -27 28 -17 -30
right_child=-2 4 8 5 6 -7 16 -9 10 -11 11 12 -14 -15 -16 27 -18 18 -20 20 -22 22 23 24 -26 26 -28 -29 29 -31
leaf_value=-0.00052808174325577216 0.045194814147109186 -1.937991217992621e-05 -0.00050457635628713637 -0.00013672383544045068 -0.00057084890948942376 -0.0034395619113435083 -8.4412945092859405e-05 0.001533895962809927 -0.00082964804843313521 -0.00042235732316276683 -0.00034414947370592179 -0.0009244057868763128 0.0036579871352359268 -0.0014196193660816758 0.00091959772157456071 0.00039832977444090539 -0.00014933472483275061 -0.00018006728169246732 -0.0004513970725047757 0.00018384715891502516 -0.00073246575379088026 0.00050514394511330359 0.00021944064726203382 -0.00066738153311326847 5.0404037794330254e-05 2.0945467327286986e-05 -0.00091520871377459827 0.00057920276558162957 0.0038309542261053897 -0.00074742974862926836
leaf_weight=20 231 11.000000000000002 11.999999999999998 382 13.000000000000002 10.999999999999998 13.999999999999998 9.9999999999999982 11.999999999999998 9.9999999999999982 14.999999999999998 15.999999999999998 18 10.999999999999998 133 26 9.9999999999999982 14.000000000000002 12.999999999999998 60 9.9999999999999982 96 43 12.999999999999998 15.999999999999998 22 10.999999999999998 605 14.999999999999998 31
leaf_count=20 231 11 12 382 13 11 14 10 12 10 15 16 18 11 133 26 10 14 13 60 10 96 43 13 16 22 11 605 15 31
internal_value=-0.000435924 -0.00118649 -0.000667752 -0.00375 -0.00695652 -0.00212468 -0.00440171 -0.0167391 0.000570776 -0.0211905 -0.0020197 -0.0041954 -0.0141176 -0.00270925 0.00189655 0.00209724 -0.00138298 -0.0173404 -0.0116667 0.000238095 0.00214286 -0.00194444 -0.00121891 -0.00452381 -0.00951613 -0.0134783 -0.00863636 0.00234121 -0.00194444 -0.00586956
internal_weight=1904 1673 1535 440 138 393 117 23 1095 21 406 261 34 227 145 689 94 47 27 84 70 216 201 105 62 46 33 677 72 46
internal_count=1904 1673 1535 440 138 393 117 23 1095 21 406 261 34 227 145 689 94 47 27 84 70 216 201 105 62 46 33 677 72 46
is_linear=0
shrinkage=0.05


Tree=19
num_leaves=31
num_cat=0
split_feature=11 32 43 15 0 1 2 0 12 0 38 38 18 38 6 0 0 32 31 38 44 1 10 44 40 41 45 0 44 0
split_gain=2.95078 4.30102 2.19523 2.13649 1.48323 2.1477 2.89812 2.05216 0.927835 1.10409 1.31121 1.25744 2.99323 1.57407 1.0216 0.889292 0.838063 0.743322 0.651009 0.539187 0.968761 1.57792 1.22727 1.36364 0.745799 1.01474 0.971731 1.00499 1.38255 0.860119
threshold=868297.50000000012 -0.026144026419537687 0.00093748666267688501 1.0000000180025095e-35 16.500000000000004 14.500000000000002 126.50000000000001 11.500000000000002 6.5000000000000009 191.50000000000003 1.0000000180025095e-35 0.0047618065990610364 3.5000000000000004 0.054019290025369572 234.50000000000003 7.5000000000000009 6.5000000000000009 -0.15423806786030261 0.82748317204993915 -0.026152997372878951 -0.086898342049184063 10.500000000000002 75975190.000000015 -0.12694345708525753 0.0032430112997143931 0.022500060968337513 -0.21535950932491446 19.500000000000004 0.0066488349200605592 1859.5000000000002
decision_type=2 2 2 2 2 2 2 2 2 2 2 2 2 2 2 2 2 2 2 2 2 2 2 2 2 2 2 2 2 2
left_child=1 -1 4 8 7 -6 -7 15 9 10 16 17 13 -13 18 -3 -2 -11 19 -10 21 -21 -23 -24 25 26 -22 28 -28 -27
right_child=3 2 -4 -5 5 6 -8 -9 14 11 -12 12 -14 -15 -16 -17 -18 -19 -20 20 24 22 23 -25 -26 29 27 -29 -30 -31
leaf_value=-0.00039919182642030845 -0.00048440041094438639 -0.00030003592379518405 0.00024945100438573248 0.045430023457403268 9.5606095990303612e-06 -0.0013486383881632592 -0.00032684354638333571 -0.00042938768719780874 0.00059901342046305968 -0.00019920136394108629 0.0013838831444856084 0.0024554977032270929 -0.0005479424089285058 -0.00061816465311738964 -0.00098413816795790417 0.00037087471331975633 -0.00036857963854691148 3.8558881578796209e-05 -0.00018782744767377257 0.00012844704352585139 -0.00054094602221275827 -0.00049550627998105835 -0.0008248770823810511 0.0037794366479804373 0.00045347240891881213 -0.00063912516776913901 -6.8348112214583183e-05 0.0004738314466303323 -0.00056693277467328182 4.5504047866912262e-06
leaf_weight=10.999999999999998 11.999999999999998 19.000000000000004 76 236 75 11.000000000000002 18 15.999999999999998 132 14.999999999999998 72 17.000000000000004 12.999999999999998 9.9999999999999982 13.999999999999998 9.9999999999999982 148 41 12.999999999999998 42 9.9999999999999982 10.999999999999998 9.9999999999999982 12.000000000000002 237 16.000000000000004 225 349 9.9999999999999982 11.999999999999998
leaf_count=11 12 19 76 236 75 11 18 16 132 15 72 17 13 10 14 10 148 41 13 42 10 11 10 12 237 16 225 349 10 12
internal_value=-0.000150554 -0.00538136 -0.00388889 0.000594448 -0.00741611 -0.00413462 -0.0156897 -0.015 -0.000137227 -0.00246951 -0.000603448 -0.00697917 -0.01375 -0.00425926 0.000562672 -0.00706897 -0.003125 -0.00214286 0.000736793 0.00087242 0.000449679 -0.005 -0.0131818 -0.00636364 0.000925495 1.60774e-05 0.000454546 0.000719178 -0.00180851 -0.00928571
internal_weight=1893 236 225 1657 149 104 29 45 1421 328 232 96 40 27 1093 29 160 56 1079 1066 934 75 33 22 859 622 594 584 235 28
internal_count=1893 236 225 1657 149 104 29 45 1421 328 232 96 40 27 1093 29 160 56 1079 1066 934 75 33 22 859 622 594 584 235 28
is_linear=0
shrinkage=0.05


Tree=20
num_leaves=31
num_cat=0
split_feature=8 11 35 0 15 9 9 9 0 8 37 0 12 8 8 10 10 35 18 34 34 41 34 40 42 45 9 43 10 11
split_gain=2.95482 2.19516 5.79184 1.99895 1.90244 1.72337 1.54153 1.12068 1.10861 1.88891 1.28301 1.29314 1.04218 0.925382 0.881667 1.73611 3.28354 1.44048 0.860147 0.814804 1.18263 0.814651 0.901861 0.796323 0.711559 0.658915 0.633094 0.589967 0.577555 1.44372
threshold=941104.50000000012 1506217.0000000002 -0.066603893060193556 16.500000000000004 1.0000000180025095e-35 761.00000000000011 23209.500000000004 2807.5000000000005 9.5000000000000018 47336.000000000007 -0.0039803017922299989 162.50000000000003 7.5000000000000009 5039.0000000000009 1080.5000000000002 35057760.000000007 18203301.500000004 -0.067866199458901641 3.5000000000000004 -0.050190531250738919 -0.054990098628084287 0.40425016453815016 -0.001889046095513041 -0.034795973529245433 0.071718986169716975 -0.015622056321160803 23209.500000000004 0.0047656258743032764 336128.00000000006 603671.00000000012
decision_type=2 2 2 2 2 2 2 2 2 2 2 2 2 2 2 2 2 2 2 2 2 2 2 2 2 2 2 2 2 2
left_child=1 2 -1 4 5 -4 24 -7 9 12 11 26 13 -3 17 16 27 -13 -12 20 23 22 -21 -20 28 -17 -10 -16 -5 -30
right_child=-2 8 3 6 -6 7 -8 -9 10 -11 18 14 -14 -15 15 25 -18 -19 19 21 -22 -23 -24 -25 -26 -27 -28 -29 29 -31
leaf_value=-0.0004316348901390783 0.040663572139655491 -0.000357297364602129 -0.00055065939617192003 9.7291218402390751e-05 7.5280414688471276e-05 4.6434869576558124e-06 -0.00075857744515675041 -0.0004060584159946916 -0.00070570252640140554 -0.0033694465690792008 0.0012031804359277213 -0.00015150113233125049 9.1608887124597317e-06 -0.00047025963498866961 5.351847348489981e-06 0.0060969980254101793 -0.00067199460531864545 9.7256885520549728e-05 -0.00035350838530052791 0.00062667624662461217 -0.00088470781122345894 -0.00054266066639908927 -7.5186036655897699e-06 0.0006327616506717138 -0.00028119819467189435 -0.00058930931758139835 0.0013051953582049255 -2.7008567257319933e-05 -0.00060435915849299309 0.00021158453173382642
leaf_weight=17 244 23 9.9999999999999982 139 12.999999999999998 12.000000000000002 9.9999999999999982 19 14.999999999999998 9.9999999999999982 237 11.999999999999998 115 13.999999999999998 13.000000000000002 17 12.999999999999998 42 20 208 12.999999999999998 17 375 48 11.999999999999998 43 106 9.9999999999999982 12.999999999999998 31
leaf_count=17 244 23 10 139 13 12 10 19 15 10 237 12 115 14 13 17 13 42 20 208 13 17 375 48 12 43 106 10 13 31
internal_value=-0.000130946 -0.00090043 -0.00496377 -0.00310811 -0.0116667 -0.0169512 -0.000853658 -0.011129 -7.03181e-05 -0.00395062 0.000458369 -0.00256458 -0.00256579 -0.00986486 -0.00566667 -0.00854167 -0.0172222 -0.000555555 0.00135076 0.000447871 -0.00425926 0.00108333 0.00139794 -0.00161765 0.000128205 -0.00333333 0.00128099 -0.00586956 0.00090164 -0.00409091
internal_weight=1871 1627 276 259 54 41 205 31 1351 162 1189 271 152 37 150 96 36 54 918 681 81 600 583 68 195 60 121 23 183 44
internal_count=1871 1627 276 259 54 41 205 31 1351 162 1189 271 152 37 150 96 36 54 918 681 81 600 583 68 195 60 121 23 183 44
is_linear=0
shrinkage=0.05


Tree=21
num_leaves=31
num_cat=0
split_feature=8 31 35 31 9 35 2 0 35 46 9 8 18 35 1 38 2 9 45 0 41 46 44 45 13 1 1 36 9 45
split_gain=2.89423 2.60826 1.7579 1.62685 3.37882 2.6509 1.66667 1.44753 1.5383 1.17353 1.01786 1.30068 0.945777 1.08266 1.18288 1.56817 0.891168 1.03041 0.879058 0.864379 0.857143 0.997403 0.876623 0.8 0.675584 0.642318 0.673166 0.618212 0.768182 0.745921
threshold=941104.50000000012 0.82748317204993915 0.034726790359851621 0.13101084153560852 18894.000000000004 -0.033495666596212587 3133.5000000000005 8.5000000000000018 0.023602224431896839 -0.0099407742945451273 433270.00000000006 67.500000000000014 3.5000000000000004 -0.022155502892713758 9.5000000000000018 -0.023359501571036331 14.500000000000002 5163.0000000000009 -0.014518269505549856 16.500000000000004 -0.0008924877482500822 0.047457304540557181 0.032153656227058243 0.015300331705414323 2.5000000000000004 24.500000000000004 34.500000000000007 -0.0014052030739773287 65753.500000000015 -0.015622056321160803
decision_type=2 2 2 2 2 2 2 2 2 2 2 2 2 2 2 2 2 2 2 2 2 2 2 2 2 2 2 2 2 2
left_child=1 2 3 7 23 27 -7 9 12 -1 11 -11 25 14 -14 -16 17 19 -17 -15 22 -22 -20 -5 -12 -9 -27 28 -6 -30
right_child=-2 -3 -4 4 5 6 -8 8 -10 10 24 -13 13 16 15 18 -18 -19 20 -21 21 -23 -24 -25 -26 26 -28 -29 29 -31
leaf_value=-0.00051750646602813821 0.038853127522082177 -0.00057863531911720822 0.0014534536438977929 -0.00035649967718846755 -0.0004776523441482486 -0.00078034834440303803 0.0013963714490898337 0.0013817428318343584 -0.00063025843572683815 -0.00044608529796674452 -0.00014463909816900839 2.5620605534970875e-05 0.00054868488713515019 -0.00023132083847858986 0.00083162296624794848 -0.00016275380639560805 0.00037191216552747434 -4.9411322709973617e-05 0.00027270185576747411 -0.00047474687984203436 -0.00097425394433658995 -0.00017436966425176976 -0.00056147312062543103 -0.00025792796351903119 -0.00082982187319612793 -0.00030490359921778588 0.00030672196671011607 1.5323222750615657e-05 0.0028461643889089992 -0.00053880518396505234
leaf_weight=11.999999999999998 237 14.999999999999998 124 10.000000000000002 11.999999999999998 20.000000000000004 9.9999999999999982 205 18 18 14.000000000000002 111 40 18 30 22 306 349 11.000000000000002 15.999999999999998 10.000000000000002 10.999999999999998 9.9999999999999982 9.9999999999999982 10.999999999999998 17 80 89 20 12.999999999999998
leaf_count=12 237 15 124 10 12 20 10 205 18 18 14 111 40 18 30 22 306 349 11 16 10 11 10 10 11 17 80 89 20 13
internal_value=-0.000163189 -0.00091299 -0.00072047 -0.00119558 -0.00559783 -0.00323171 -0.0166667 -0.000576776 5.68681e-05 -0.00493976 -0.00376623 -0.00197674 0.000288889 -0.000589307 -0.00470149 -0.00776596 0.00021045 -0.00139687 -0.0121875 -0.00970588 -0.0164286 -0.0235714 -0.00928571 -0.025 -0.013 0.00268212 -0.000670103 -0.00022388 -0.005 -0.00106061
internal_weight=1869 1632 1617 1493 184 164 30 1309 1143 166 154 129 1125 823 134 94 689 383 64 34 42 21 21 20 25 302 97 134 45 33
internal_count=1869 1632 1617 1493 184 164 30 1309 1143 166 154 129 1125 823 134 94 689 383 64 34 42 21 21 20 25 302 97 134 45 33
is_linear=0
shrinkage=0.05


Tree=22
num_leaves=31
num_cat=0
split_feature=31 10 6 41 46 15 37 0 0 0 0 12 44 41 6 41 6 31 44 31 1 12 45 45 45 12 6 15 34 36
split_gain=3.72341 2.58761 2.83534 2.68157 1.92157 1.90069 1.48607 1.19589 1.93582 1.16679 2.08972 1.01075 1.16122 1.49976 1.5613 1.12821 0.971271 0.903911 0.810248 0.818473 0.783932 0.742916 0.639629 0.790843 0.615385 0.485842 0.589107 0.425047 0.401847 0.611047
threshold=0.82748317204993915 834753.50000000012 5.5000000000000009 -0.0026046902510818929 0.0091036877644295622 1.0000000180025095e-35 0.0071627684730853998 175.50000000000003 23.500000000000004 16.500000000000004 11.500000000000002 6.5000000000000009 -0.079204720262275471 -0.00064039675963492994 14.500000000000002 -0.010703039971798422 109.50000000000001 1.0000000180025095e-35 -0.12694345708525753 0.13101084153560852 23.500000000000004 2.5000000000000004 -0.17928411263813812 -0.27203702232708432 0.022029436440466236 8.5000000000000018 198.50000000000003 1.0000000180025095e-35 -0.042594257433965395 -0.0034036943664601956
decision_type=2 2 2 2 2 2 2 2 2 2 2 2 2 2 2 2 2 2 2 2 2 2 2 2 2 2 2 2 2 2
left_child=1 2 3 4 6 7 -1 8 16 10 27 12 -9 15 -15 24 21 25 19 -13 -11 -3 23 -20 -14 -18 -27 -5 29 -24
right_child=-2 5 -4 9 -6 -7 -8 11 -10 20 -12 18 13 14 -16 -17 17 -19 22 -21 -22 -23 28 -25 -26 26 -28 -29 -30 -31
leaf_value=-0.00054529615476180951 -0.00043921113342072987 -0.00048878920783443607 -0.0013305277258020649 -0.00032144369834894359 -0.00050105699531204952 0.037161829730265418 0.0012924988483340285 0.0017355447248747304 0.00066505615095006953 0.00032359283829873424 -0.00019008812652455433 0.0015999184683905675 -0.00055320580754013846 -0.00021475344921672288 -0.00057982259063827756 4.8213549784854301e-05 -0.00030521452758103468 0.00020526278377813549 0.001352679654232605 -0.00076464159410854224 -0.00020899160098872182 1.0722660718907812e-05 0.00018652573608390243 -0.00049305381797908705 -2.2816817858768451e-05 -0.00024829374148288959 -0.0027380455027403881 0.00010669759541857595 0.00022333222561514755 -0.00012408674349106256
leaf_weight=19 18 10.999999999999998 11.999999999999998 17 17 232 14.999999999999998 18 529 131 10.999999999999998 11.000000000000002 13.000000000000002 14.999999999999998 19 22 15.999999999999998 24 12.000000000000002 12.999999999999998 19 351 85 10.999999999999998 12.999999999999998 17.000000000000004 9.9999999999999982 14.000000000000002 77 113
leaf_count=19 18 11 12 17 17 232 15 18 529 131 11 11 13 15 19 22 16 24 12 13 19 351 85 11 13 17 10 14 77 113
internal_value=-0.000145888 7.23087e-05 -0.00460784 -0.00343621 -0.0136275 0.000812655 -0.00676471 0.000108696 0.0010856 -0.000729166 -0.00809524 -0.002109 -0.0065 -0.00902439 -0.0170588 -0.00333333 -0.00141026 -0.0069403 -0.000745341 -0.00958333 0.00133333 -0.00038674 -3.35569e-05 -0.00804348 -0.0103846 -0.0112791 -0.0153704 -0.00145161 0.000636364 -0.000555555
internal_weight=1885 1867 255 243 51 1612 34 1380 958 192 42 422 100 82 34 48 429 67 322 24 150 362 298 23 26 43 27 31 275 198
internal_count=1885 1867 255 243 51 1612 34 1380 958 192 42 422 100 82 34 48 429 67 322 24 150 362 298 23 26 43 27 31 275 198
is_linear=0
shrinkage=0.05


Tree=23
num_leaves=31
num_cat=0
split_feature=10 32 8 0 1 10 13 8 31 0 0 39 0 1 0 16 42 41 38 33 12 8 32 9 32 38 38 43 15 10
split_gain=3.73819 4.70556 2.25697 1.58432 2.25004 3.75 1.70375 1.16411 1.18458 1.00119 0.856041 1.03427 1.12281 0.931306 0.933909 1.10856 0.844387 0.957904 1.63208 1.25916 0.917343 1.68595 0.867857 0.76655 0.688559 0.685705 0.790843 0.60048 0.577731 0.574396
threshold=834753.50000000012 -0.0065737229558820304 1544930.0000000002 16.500000000000004 29.500000000000004 173627.50000000003 2.5000000000000004 48139.500000000007 0.82748317204993915 6.5000000000000009 6.5000000000000009 0.011477745712362588 5.5000000000000009 11.500000000000002 23.500000000000004 -1.0000000180025095e-35 0.10917500077562399 0.0068156528775356806 -0.00093576516948592819 -0.036221256352035033 13.500000000000002 7685.5000000000009 0.091614284655684733 336846.50000000006 0.01809753960917692 -0.04877634425647645 -0.12999367758329169 0.070256869139086575 1.0000000180025095e-35 336128.00000000006
decision_type=2 2 2 2 2 2 2 2 2 2 2 2 2 2 2 2 2 2 2 2 2 2 2 2 2 2 2 2 2 2
left_child=1 -1 7 6 25 -6 9 8 10 -3 11 12 -2 14 23 -16 17 -15 -19 20 22 -22 -20 -12 -25 26 -5 -17 -8 -27
right_child=2 3 -4 4 5 -7 28 -9 -10 -11 13 -13 -14 16 15 27 -18 18 19 -21 21 -23 -24 24 -26 29 -28 -29 -30 -31
leaf_value=-0.0003316230537343101 1.9186919482468428e-05 -0.00017162024524586757 0.035296244125968615 2.4430586042401427e-05 -2.279911858824163e-05 -0.0013444247926360632 -0.00026679813384136996 -0.00042992393680547913 -0.00061976582592202325 -0.00044246241961383155 1.3974605822597199e-05 -0.00051370499010977913 -0.00072916928303738086 1.7348412063590529e-05 -0.00050661759752541869 0.00061344198299973028 -0.00067753842382423969 5.3593182852431852e-05 -0.00044684926594145422 -0.00050032320788968051 -0.00021566305388400939 -1.8891159206088328e-05 0.00045180287482611547 -0.00053588428467285878 0.0006649993376602691 0.00043060550461726776 -0.00061760302833163423 -0.00022766531423358614 0.00085970657923018293 -0.0001794065977584609
leaf_weight=11.999999999999998 57 10.000000000000002 232 12.000000000000002 20.000000000000004 9.9999999999999982 17 11.999999999999998 11.999999999999998 13.999999999999998 271 9.9999999999999982 19 285 10.999999999999998 496 12.999999999999998 36 9.9999999999999982 11.999999999999998 10.000000000000002 12.999999999999998 32 59 12.999999999999998 104 10.999999999999998 18 11.000000000000002 31
leaf_count=12 57 10 232 12 20 10 17 12 12 14 271 10 19 285 11 496 13 36 10 12 10 13 32 59 13 104 11 18 11 31
internal_value=-0.000445809 -0.00611111 0.000434917 -0.00458333 -0.00244681 -0.015 -0.0123077 -0.000327574 -0.000192447 -0.0220833 -5.49449e-05 -0.00488372 -0.00289474 0.000269742 0.00119816 0.00252381 -0.001691 -0.00128141 -0.00517699 -0.00928571 -0.00653846 -0.0145652 -0.00214286 -0.000830904 -0.00541667 -6.3291e-05 -0.00804348 0.00285992 -0.00392857 0.0012963
internal_weight=1873 252 1621 240 188 30 52 1389 1377 24 1365 86 76 1279 868 525 411 398 113 77 65 23 42 343 72 158 23 514 28 135
internal_count=1873 252 1621 240 188 30 52 1389 1377 24 1365 86 76 1279 868 525 411 398 113 77 65 23 42 343 72 158 23 514 28 135
is_linear=0
shrinkage=0.05


Tree=24
num_leaves=31
num_cat=0
split_feature=31 8 46 34 10 6 41 12 13 37 11 0 37 10 6 34 12 35 6 38 45 10 9 0 0 35 6 36 16 31
split_gain=3.09878 2.78821 1.31262 1.90295 1.29402 2.9952 1.21884 1.21605 1.33492 1.0974 1.01573 1.29665 1.38039 0.988499 1.13027 1.41192 1.13481 1.12265 1.07744 0.96124 0.956277 0.913753 0.90036 0.859524 0.829943 0.809087 1.61082 0.8 0.686799 0.621818
threshold=0.82748317204993915 1544930.0000000002 -0.087523773372339617 -0.18583588576664592 561611.50000000012 4.5000000000000009 0.00026924885020667094 9.5000000000000018 2.5000000000000004 -0.14305340420798204 173249172.50000003 16.500000000000004 -1.0000000180025095e-35 50082491.500000007 16.500000000000004 -0.050711539605684593 3.5000000000000004 -0.031217751046119912 34.500000000000007 0.0065631252440950388 0.031705728523997799 24568723.500000004 28839.500000000004 26.500000000000004 6.5000000000000009 -0.079649547310668034 6.5000000000000009 0.00096949239066905057 -1.0000000180025095e-35 0.07094756713237281
decision_type=2 2 2 2 2 2 2 2 2 2 2 2 2 2 2 2 2 2 2 2 2 2 2 2 2 2 2 2 2 2
left_child=1 2 -1 9 5 6 7 8 23 -4 13 12 -12 14 25 17 21 18 29 -9 -19 -17 -18 -5 -24 26 -6 -2 -26 -16
right_child=27 -3 3 4 10 -7 -8 19 -10 -11 11 -13 -14 -15 15 16 22 20 -20 -21 -22 -23 24 -25 28 -27 -28 -29 -30 -31
leaf_value=0.0015968431965569505 -9.300833678058507e-05 0.073728177270878215 -0.00053798369220566552 -0.0005055388748456789 -0.00017500322304746718 -0.00048868693614509439 0.00027091345637412617 0.0018589548121845456 -0.00016722806393074479 -0.00050628693362283963 0.0016033302511183033 -0.00026041830015197342 -0.00063088171176404464 0.0010210895057261085 0.00069511433979056628 -0.00046781242069621946 -0.00024360243437093624 -7.5050602964879274e-05 -0.00046334828315890223 -0.00035943431365898605 -0.00080064413382765261 -0.00057189587514970281 -0.00059489250043407013 -0.00029703373755182147 -0.00050690914793134029 4.2422766909670854e-05 1.0451807370123465e-05 -0.00032967940134434332 0.00034378507094271724 -0.00021513414649041107
leaf_weight=103 10.000000000000002 225 14.000000000000002 16.000000000000004 10.999999999999998 13.999999999999998 69 31 42 10.999999999999998 10.999999999999998 141 40 278 19 11.000000000000002 9.9999999999999982 11.000000000000002 9.9999999999999982 11.999999999999998 9.9999999999999982 12.999999999999998 27 13.999999999999998 20 413 24 9.9999999999999982 198 25
leaf_count=103 10 225 14 16 11 14 69 31 42 11 11 141 40 278 19 11 10 11 10 12 10 13 27 14 20 413 24 10 198 25
internal_value=-0.000425936 -0.00021119 -0.000944931 -0.00132107 -0.00108844 -0.00484848 -0.00315217 -0.00630435 -0.0102778 -0.015 -0.000503144 -0.00385417 -0.0106863 9.25928e-05 -0.000798005 -0.0029096 -0.0012724 -0.009 -0.00518518 0.000348837 -0.0188095 -0.0116667 -0.000294117 -0.0183333 0.000306123 0.000870536 -0.00642857 -0.02 0.00133028 -0.00181818
internal_weight=1843 1823 1598 1495 1470 198 184 115 72 25 1272 192 51 1080 802 354 279 75 54 43 21 24 255 30 245 448 35 20 218 44
internal_count=1843 1823 1598 1495 1470 198 184 115 72 25 1272 192 51 1080 802 354 279 75 54 43 21 24 255 30 245 448 35 20 218 44
is_linear=0
shrinkage=0.05


Tree=25
num_leaves=31
num_cat=0
split_feature=11 32 6 8 41 0 8 38 36 9 0 13 45 31 38 12 12 16 12 6 34 33 9 6 6 9 16 0 32 0
split_gain=4.39545 4.77618 2.9285 1.79381 1.73683 1.19794 1.40912 1.19627 1.10979 1.00196 1.21905 0.956277 0.731429 0.679634 0.644885 0.62699 0.586116 0.669875 1.51363 0.54 0.50171 1.21905 0.507048 1.16352 0.684326 2.56914 0.482574 0.8 0.435377 0.426664
threshold=1402133.5000000002 -0.026144026419537687 5.5000000000000009 1544930.0000000002 0.00080152412173528057 8.5000000000000018 44150.000000000007 0.0078479505641624835 -0.00080584624261289487 761.00000000000011 26.500000000000004 2.5000000000000004 -1.0000000180025095e-35 0.81436869428236269 -0.047236567102731365 5.5000000000000009 7.5000000000000009 1.0000000180025095e-35 11.500000000000002 9.5000000000000018 -0.18583588576664592 -0.21265982697426628 21482.000000000004 12.500000000000002 34.500000000000007 67905.000000000015 -1.0000000180025095e-35 21.500000000000004 0.0041923326386995368 175.50000000000003
decision_type=2 2 2 2 2 2 2 2 2 2 2 2 2 2 2 2 2 2 2 2 2 2 2 2 2 2 2 2 2 2
left_child=1 -1 4 5 7 6 16 9 -9 10 11 -3 -12 20 -6 -11 19 -18 -19 -2 21 -7 23 28 26 -26 27 -24 -22 -27
right_child=3 2 -4 -5 14 13 -8 8 -10 15 12 -13 -14 -15 -16 -17 17 18 -20 -21 22 -23 24 -25 25 29 -28 -29 -30 -31
leaf_value=-0.00030108003150365592 -3.0827001018091977e-05 -0.000654331043207551 -0.00090408919208731942 0.029378424600212994 -0.00041924208357376402 0.00027483477066824852 -0.0012763645874307107 -0.00051362220445961204 -1.457587385133209e-05 -0.00013773899288485955 -0.00045612148725545368 -0.00015872491335528394 2.6137801501254351e-05 -2.5713232021256824e-05 0.00050824876811586734 4.4951418710369081e-05 0.00036815535388867981 0.00022330606336039353 -0.00065538602357854807 -0.0010177062332273623 -0.00011217004103502453 -0.00075394520446410841 0.0022356422945716292 -0.00021428844101181643 -0.00053654540055666383 0.00036451609705692207 0.00017212325920697277 -0.00071702506907705044 0.00071877841638907849 -0.00016847870573418426
leaf_weight=13.999999999999998 10.000000000000002 10.000000000000002 17 234 9.9999999999999982 21 18 15.000000000000002 10.999999999999998 27 9.9999999999999982 10.999999999999998 25 18 92 40 46 27 20 14.999999999999998 37 13.999999999999998 10.000000000000002 10.999999999999998 9.9999999999999982 351 527 9.9999999999999982 46 170
leaf_count=14 10 10 17 234 10 21 18 15 11 27 10 11 25 18 92 40 46 27 20 15 37 14 10 11 10 351 527 10 46 170
internal_value=-6.12678e-05 -0.0058156 -0.00432836 0.000956113 -0.00296813 0.000260838 -0.00419118 -0.0064094 -0.0161538 -0.00434959 -0.00928571 -0.0188095 -0.00357143 0.000755102 0.00205882 -0.00022388 -0.00220339 -0.000376344 -0.00457447 -0.009 0.000898923 -0.005 0.00107509 -0.00244681 0.00138219 0.000103578 0.0026234 -0.005 -0.000421687 0.000585413
internal_weight=1877 282 268 1595 251 1361 136 149 26 123 56 21 35 1225 102 67 118 93 47 25 1207 35 1172 94 1078 531 547 20 83 521
internal_count=1877 282 268 1595 251 1361 136 149 26 123 56 21 35 1225 102 67 118 93 47 25 1207 35 1172 94 1078 531 547 20 83 521
is_linear=0
shrinkage=0.05


Tree=26
num_leaves=31
num_cat=0
split_feature=11 35 6 8 2 8 42 0 41 40 0 8 44 36 36 6 6 2 38 38 4 45 13 18 38 36 13 36 13 36
split_gain=3.36443 3.984 1.92814 1.8715 1.59127 1.6806 1.43442 1.09874 1.05899 1.50654 0.933689 1.55018 1.26317 1.90476 1.45628 0.916177 1.14151 0.983278 0.916017 0.914617 1.13009 1.56905 1.81926 2.14161 1.77289 0.658009 0.63012 0.586984 1.07302 0.775681
threshold=2116070.0000000005 -0.066603893060193556 7.5000000000000009 1544930.0000000002 10.500000000000002 7741.0000000000009 0.024669798516645271 175.50000000000003 0.018621027059319516 -0.026104937019340916 16.500000000000004 67.500000000000014 -0.014061226484042656 -0.00072385563701669582 -0.0019055604863085977 219.50000000000003 153.50000000000003 9.5000000000000018 0.0011591502789683903 -0.026152997372878951 1.0000000180025095e-35 -0.0073283014149228892 1.5000000000000002 3.5000000000000004 0.0026467916438250917 0.00026251574909726025 3.5000000000000004 -0.0026169419437263842 1.0000000180025095e-35 -0.005198046364658958
decision_type=2 2 2 2 2 2 2 2 2 2 2 2 2 2 2 2 2 2 2 2 2 2 2 2 2 2 2 2 2 2
left_child=1 18 8 4 5 -2 15 -6 9 -3 11 26 13 14 -12 16 17 -7 -1 -9 21 -21 25 -24 -25 -23 -11 28 -22 -30
right_child=3 2 -4 -5 7 6 -8 19 -10 10 12 -13 -14 -15 -16 -17 -18 -19 -20 20 27 22 23 24 -26 -27 -28 -29 29 -31
leaf_value=-0.00024999168815650826 -1.4326322573012379e-05 -0.00063111095436181434 -0.00077135946403225424 0.038617540430451791 0.0006438068839054765 -0.00028105931073429193 -0.00053841024155504053 0.001227261650221708 0.00049981508143506998 -0.00037839183170138696 -1.2487845049524431e-05 0.00028530291678389205 0.00013547771098085766 0.0017842520828623906 -0.00089722010748234128 -0.0023674441888283126 0.00044185576478530112 -0.00099335766392558535 -0.00039773665900504936 0.00043806138169790663 -0.00055393755033161102 0.00076605322951255831 -0.00020050656215351269 -0.00072033299843499805 -0.00069234231710693552 -0.00011533591937608589 -0.0001507886665181622 1.9939580540428928e-05 0.001030131109688681 -0.00021531302146875791
leaf_weight=10.000000000000002 256 17 9.9999999999999982 221 509 92 9.9999999999999982 87 59 28 9.9999999999999982 21 116 13.999999999999998 11.000000000000002 12.999999999999998 27 11.999999999999998 10.999999999999998 31 14.999999999999998 19 18 12.000000000000002 13.999999999999998 13.999999999999998 10.999999999999998 120 37 53
leaf_count=10 256 17 10 221 509 92 10 87 59 28 10 21 116 14 11 13 27 12 11 31 15 19 18 12 14 14 11 120 37 53
internal_value=-0.000218317 -0.00490566 -0.00341751 0.00073718 3.36074e-05 -0.00256098 -0.00668831 0.00117869 -0.0026655 -0.00421053 -0.00305687 -0.00833333 -0.000960265 -0.00928571 -0.0188095 -0.00541667 -0.00416031 -0.00653846 -0.0259524 -0.000714286 -0.00190691 -0.00611111 -0.00993506 -0.0165909 -0.0257692 -0.00106061 -0.0142308 0.000111111 -0.00261905 -0.000555555
internal_weight=1878 318 297 1560 1339 410 154 929 287 228 211 60 151 35 21 144 131 104 21 420 333 108 77 44 26 33 39 225 105 90
internal_count=1878 318 297 1560 1339 410 154 929 287 228 211 60 151 35 21 144 131 104 21 420 333 108 77 44 26 33 39 225 105 90
is_linear=0
shrinkage=0.05


Tree=27
num_leaves=31
num_cat=0
split_feature=11 35 6 1 32 8 8 6 31 0 8 38 43 43 45 41 45 45 1 2 45 1 39 38 35 32 6 43 8 40
split_gain=3.07034 4.81725 2.38629 2.22895 2.33333 1.64701 1.88753 3.05556 0.959922 0.81736 0.806565 0.760255 1.01171 0.585266 1.03091 0.964466 0.738796 0.715776 0.615666 1.09034 0.983045 0.838048 1.23028 1.15961 1.80513 0.801515 0.716436 0.564187 0.985089 0.948886
threshold=1402133.5000000002 -0.066603893060193556 3.5000000000000004 9.5000000000000018 0.01425115536852894 8050941.0000000009 48139.500000000007 4.5000000000000009 0.8409169355619025 19.500000000000004 41.500000000000007 -0.04877634425647645 -0.011139459217989396 0.033382317756584241 -0.17928411263813812 0.40425016453815016 -0.27203702232708432 -0.020919334231047113 9.5000000000000018 14.500000000000002 -0.014109712507535932 23.500000000000004 -0.038329964354932446 0.010514490231892319 -0.025943652419597101 0.091614284655684733 219.50000000000003 -0.0011524167178157405 7685.5000000000009 0.0059957387578025365
decision_type=2 2 2 2 2 2 2 2 2 2 2 2 2 2 2 2 2 2 2 2 2 2 2 2 2 2 2 2 2 2
left_child=1 -1 9 4 -4 6 8 -8 13 10 -3 12 -11 14 16 17 -2 -16 19 26 -20 22 25 -24 -25 -22 -19 28 29 -23
right_child=5 2 3 -5 -6 -7 7 -9 -10 11 -12 -13 -14 -15 15 -17 -18 18 20 -21 21 27 23 24 -26 -27 -28 -29 -30 -31
leaf_value=-0.00031155508047174931 -1.2904130711752391e-06 -0.00033477875635461727 -0.00036517496566341871 -0.0010336164759914494 0.00028542790779220495 0.12022304105576445 0.025487449645737261 -0.00053886604491304446 -0.00064206778104734579 1.8540216297008538e-05 5.3222327215423749e-05 5.3329801433599149e-05 -0.000754608792880433 0.00062832582879875174 0.00048663677486119374 -0.00051148972947728853 -0.00035815211697055963 -6.8398642699456851e-05 -0.00038894402403324296 0.00092666314202527282 -0.00073012838157598893 0.00049032457409729725 9.6073265065281302e-05 0.00023183676777323216 -0.00052388890401091693 -4.9885138808170322e-05 -0.0027110311116945521 2.6431765003044813e-05 -0.00056205087036654677 -0.0001739954128999488
leaf_weight=19 10.000000000000002 29 12.000000000000002 9.9999999999999982 15.999999999999998 200 14.999999999999998 18 9.9999999999999982 13.000000000000002 22 152 9.9999999999999982 90 174 9.9999999999999982 12.999999999999998 474 11.999999999999998 276 12.000000000000002 68 46 11.000000000000002 14.999999999999998 9.9999999999999982 10.999999999999998 69 27 31
leaf_count=19 10 29 12 10 16 200 15 18 10 13 22 152 10 90 174 10 13 474 12 276 12 68 46 11 15 10 11 69 27 31
internal_value=-9.2838e-05 -0.00489399 -0.00314394 -0.0147368 -0.0075 0.000755306 0.000149786 -0.0116667 0.000434624 -0.00119469 -0.00676471 0.000428572 -0.00804348 0.000548197 0.000271868 0.00046549 -0.0102174 0.000590615 0.000103578 0.00086071 -0.00181063 -0.00122837 -0.00510638 -0.00194444 -0.0103846 -0.0154545 -0.00056701 0.000641026 -0.00134921 0.000959596
internal_weight=1885 283 264 38 28 1602 1402 33 1369 226 51 175 23 1359 1269 1246 23 1236 1062 761 301 289 94 72 26 22 485 195 126 99
internal_count=1885 283 264 38 28 1602 1402 33 1369 226 51 175 23 1359 1269 1246 23 1236 1062 761 301 289 94 72 26 22 485 195 126 99
is_linear=0
shrinkage=0.05


end of trees

feature_importances:
Column_8=85
Column_0=72
Column_6=52
Column_9=44
Column_10=40
Column_12=39
Column_32=32
Column_31=30
Column_38=30
Column_41=30
Column_2=28
Column_1=27
Column_35=26
Column_11=25
Column_45=25
Column_13=24
Column_36=24
Column_43=21
Column_37=20
Column_40=19
Column_34=18
Column_46=18
Column_18=17
Column_42=17
Column_44=16
Column_15=13
Column_16=13
Column_33=11
Column_39=11
Column_4=5
Column_7=2
Column_19=2
Column_28=2
Column_21=1
Column_27=1

parameters:
[boosting: gbdt]
[objective: quantile]
[metric: quantile]
[tree_learner: serial]
[device_type: cpu]
[data_sample_strategy: bagging]
[data: ]
[valid: ]
[num_iterations: 200]
[learning_rate: 0.05]
[num_leaves: 31]
[num_threads: 0]
[seed: 0]
[deterministic: 0]
[force_col_wise: 0]
[force_row_wise: 0]
[histogram_pool_size: -1]
[max_depth: -1]
[min_data_in_leaf: 10]
[min_sum_hessian_in_leaf: 0.001]
[bagging_fraction: 0.85]
[pos_bagging_fraction: 1]
[neg_bagging_fraction: 1]
[bagging_freq: 1]
[bagging_seed: 3]
[bagging_by_query: 0]
[feature_fraction: 0.85]
[feature_fraction_bynode: 1]
[feature_fraction_seed: 2]
[extra_trees: 0]
[extra_seed: 6]
[early_stopping_round: 0]
[early_stopping_min_delta: 0]
[first_metric_only: 0]
[max_delta_step: 0]
[lambda_l1: 0]
[lambda_l2: 0]
[linear_lambda: 0]
[min_gain_to_split: 0]
[drop_rate: 0.1]
[max_drop: 50]
[skip_drop: 0.5]
[xgboost_dart_mode: 0]
[uniform_drop: 0]
[drop_seed: 4]
[top_rate: 0.2]
[other_rate: 0.1]
[min_data_per_group: 100]
[max_cat_threshold: 32]
[cat_l2: 10]
[cat_smooth: 10]
[max_cat_to_onehot: 4]
[top_k: 20]
[monotone_constraints: ]
[monotone_constraints_method: basic]
[monotone_penalty: 0]
[feature_contri: ]
[forcedsplits_filename: ]
[refit_decay_rate: 0.9]
[cegb_tradeoff: 1]
[cegb_penalty_split: 0]
[cegb_penalty_feature_lazy: ]
[cegb_penalty_feature_coupled: ]
[path_smooth: 0]
[interaction_constraints: ]
[verbosity: -1]
[saved_feature_importance_type: 0]
[use_quantized_grad: 0]
[num_grad_quant_bins: 4]
[quant_train_renew_leaf: 0]
[stochastic_rounding: 1]
[linear_tree: 0]
[max_bin: 255]
[max_bin_by_feature: ]
[min_data_in_bin: 3]
[bin_construct_sample_cnt: 200000]
[data_random_seed: 1]
[is_enable_sparse: 1]
[enable_bundle: 1]
[use_missing: 1]
[zero_as_missing: 0]
[feature_pre_filter: 1]
[pre_partition: 0]
[two_round: 0]
[header: 0]
[label_column: ]
[weight_column: ]
[group_column: ]
[ignore_column: ]
[categorical_feature: ]
[forcedbins_filename: ]
[precise_float_parser: 0]
[parser_config_file: ]
[objective_seed: 5]
[num_class: 1]
[is_unbalance: 0]
[scale_pos_weight: 1]
[sigmoid: 1]
[boost_from_average: 1]
[reg_sqrt: 0]
[alpha: 0.1]
[fair_c: 1]
[poisson_max_delta_step: 0.7]
[tweedie_variance_power: 1.5]
[lambdarank_truncation_level: 30]
[lambdarank_norm: 1]
[label_gain: ]
[lambdarank_position_bias_regularization: 0]
[eval_at: ]
[multi_error_top_k: 1]
[auc_mu_weights: ]
[num_machines: 1]
[local_listen_port: 12400]
[time_out: 120]
[machine_list_filename: ]
[machines: ]
[gpu_platform_id: -1]
[gpu_device_id: -1]
[gpu_use_dp: 0]
[num_gpu: 1]

end of parameters

pandas_categorical:null
