tree
version=v4
num_class=1
num_tree_per_iteration=1
label_index=0
max_feature_idx=17
objective=quantile
feature_names=Column_0 Column_1 Column_2 Column_3 Column_4 Column_5 Column_6 Column_7 Column_8 Column_9 Column_10 Column_11 Column_12 Column_13 Column_14 Column_15 Column_16 Column_17
feature_infos=[1:419128] [1:10338] [1:105057] [0:1] [0:800] none [0:250] [0:1] [0:976023576] [0:6526440] [0:951432192] [0:982550016] [1:18] [0:6] [0:1] [0:1] [-1:6] none
tree_sizes=2807 3015 3045 3070 3075 3021 3062 3071 3111 3054 3092 2982 3001 3020 3084 3075 3021 3056 3014 2986 3032 3022 3002 3000 3024

Tree=0
num_leaves=31
num_cat=0
split_feature=2 2 16 2 10 9 8 10 12 8 9 8 2 8 1 2 2 13 13 13 9 2 10 2 9 8 12 8 12 8
split_gain=6.53125 7.45722 8.01852 7.75685 4.99802 5.96416 2.61374 2.63874 2.52278 1.9819 1.51757 2.06906 1.43198 1.58529 1.4304 1.48497 2.44088 1.40925 0.803525 0.860695 1.20143 0.739013 0.691429 0.656043 0.586561 0.839965 0.580282 0.543094 0.535117 0.473504
threshold=5.5000000000000009 92.500000000000014 1.0000000180025095e-35 154.50000000000003 7051458.5000000009 15950.500000000002 194669.00000000003 298773750.00000006 14.500000000000002 9.0000000000000018 171746.00000000003 1107.0000000000002 119.50000000000001 936.50000000000011 33.500000000000007 135.50000000000003 146.50000000000003 1.5000000000000002 2.5000000000000004 1.0000000180025095e-35 23209.500000000004 2.5000000000000004 27881211.500000004 9.5000000000000018 336846.50000000006 47461.000000000007 9.5000000000000018 212.50000000000003 10.500000000000002 81.500000000000014
decision_type=2 2 2 2 2 2 2 2 2 2 2 2 2 2 2 2 2 2 2 2 2 2 2 2 2 2 2 2 2 2
left_child=6 23 3 8 5 -5 7 9 12 -1 18 -12 17 27 15 -4 -17 -3 19 -11 -21 -13 -22 24 -2 26 -26 -14 -23 -20
right_child=1 2 14 4 -6 -7 -8 -9 -10 10 11 21 13 -15 -16 16 -18 -19 29 20 22 28 -24 -25 25 -27 -28 -29 -30 -31
leaf_value=4.911494779634709 5.0110801938511331 4.919278941792073 5.0253940346487482 5.0685339928265654 5.0169707967428678 4.910097515583038 5.224452462243887 4.910097515583038 4.9733227329727718 4.9970144511964607 4.8345189776476376 4.9416897732944385 4.9361453796529196 4.9409091666079448 5.0630221135678859 4.8717347502708437 4.9918822533026557 4.9824434521249099 4.8478554566120735 4.9347918544919755 4.9536940581248592 4.971519551402535 4.9680322030721431 5.0418413900244037 4.8144451716031513 5.1360189267275551 4.9887703994654888 4.8957134132426576 5.0180601360156842 5.0021752692703725
leaf_weight=9.9999999999999982 191 19.000000000000004 52 13.000000000000002 85 18 35 13.999999999999998 9.9999999999999982 23 9.9999999999999982 18 12.999999999999998 9.9999999999999982 176 19 27 10.999999999999998 9.9999999999999982 13.999999999999998 36 13.000000000000002 13.999999999999998 909 22 19 17 21 9.9999999999999982 49
leaf_count=10 191 19 52 13 85 18 35 14 10 23 10 18 13 10 176 19 27 11 10 14 36 13 14 909 22 19 17 21 10 49
internal_value=4.99287 4.99404 4.98876 4.98114 4.98952 4.97234 4.98545 4.98344 4.96957 4.98486 4.98596 4.97854 4.96639 4.96064 4.99431 4.98947 4.98293 4.97481 4.98856 4.9855 4.98252 4.98351 4.98614 4.9962 4.99393 4.98952 4.98532 4.9555 4.98945 4.99306
internal_weight=1888 1632 474 200 116 31 256 221 84 207 197 51 74 44 274 98 46 30 146 87 64 41 50 1158 249 58 39 34 23 59
internal_count=1888 1632 474 200 116 31 256 221 84 207 197 51 74 44 274 98 46 30 146 87 64 41 50 1158 249 58 39 34 23 59
is_linear=0
shrinkage=1


Tree=1
num_leaves=31
num_cat=0
split_feature=2 2 16 2 11 9 8 2 6 12 8 1 2 6 13 13 8 8 8 6 6 6 9 6 10 8 6 12 6 9
split_gain=5.71354 6.00028 6.70621 6.11501 5.38907 5.00433 2.88529 2.68367 1.89521 1.69 1.64571 1.56984 1.48945 1.97615 1.20714 1.3448 1.00762 3.35873 0.941743 1.83333 0.673115 0.517967 0.426377 1.70572 0.419656 0.410509 0.409091 0.402381 0.359604 0.838095
threshold=4.5000000000000009 92.500000000000014 1.0000000180025095e-35 154.50000000000003 6406934.0000000009 15950.500000000002 67.500000000000014 134.00000000000003 18.500000000000004 5.5000000000000009 881.00000000000011 33.500000000000007 9.5000000000000018 193.50000000000003 1.0000000180025095e-35 3.5000000000000004 2193.5000000000005 1346.5000000000002 1259.5000000000002 50.500000000000007 8.5000000000000018 126.50000000000001 21482.000000000004 6.5000000000000009 11831569.000000002 5291.0000000000009 79.500000000000014 7.5000000000000009 112.50000000000001 599465.50000000012
decision_type=2 2 2 2 2 2 2 2 2 2 2 2 2 2 2 2 2 2 2 2 2 2 2 2 2 2 2 2 2 2
left_child=6 12 3 7 5 -5 -1 20 -8 -10 -9 16 13 22 -11 18 17 27 -16 -20 -3 -18 23 -2 -6 -22 -21 -4 -24 -30
right_child=1 2 11 4 24 -7 8 10 9 14 -12 -13 -14 -15 15 -17 21 -19 19 26 25 -23 28 -25 -26 -27 -28 -29 29 -31
leaf_value=-0.091132621173194539 0.010156210638343438 -0.014738674310094678 -0.029115683521379689 0.06928289177787321 -0.094408860090318569 -0.078894646711511654 0.0053082151866525136 -0.13589463828536638 -0.066230341073857613 0.022936340439680371 -0.042111221245337484 0.06098090289948406 0.050688523096683459 -0.078719190926402588 -0.14421509849882985 -0.0031804792593069565 0.042777585709397561 -0.11533927381038667 0.042269935710737318 -0.014934543818283491 -0.09154845170661996 -0.033434251388143363 0.010597128719058787 -0.03115755353875866 0.032423474494298436 -0.036518942379835238 -0.14153279744993583 0.017389349399057476 -0.18781896851335014 0.0020833776905701206
leaf_weight=19 43 11.999999999999998 14.999999999999998 11.999999999999998 17 21 72 25 9.9999999999999982 20 9.9999999999999982 183 896 11.999999999999998 13.999999999999998 23 38 9.9999999999999982 10.999999999999998 11.000000000000002 14.000000000000002 10.999999999999998 207 20 65 14.999999999999998 10.999999999999998 20 10.000000000000002 10.999999999999998
leaf_count=19 43 12 15 12 17 21 72 25 10 20 10 183 896 12 14 23 38 10 11 11 14 11 207 20 65 15 11 20 10 11
internal_value=0.000102261 0.00104079 -0.00376068 -0.0109686 -0.00369565 -0.0207576 -0.008089 -0.0219737 -0.00604651 -0.0105 -0.0321429 0.00120939 0.00291493 -0.000115511 -0.00833333 -0.0114286 -0.00404255 -0.00944444 -0.0162766 -0.0116667 -0.0132927 0.000918368 0.000704468 -0.00293651 0.00317073 -0.0174138 -0.02 -0.00214286 0.00171053 -0.00452381
internal_weight=1858 1667 468 191 115 33 191 76 172 100 35 277 1199 303 90 70 94 45 47 33 41 49 291 63 82 29 22 35 228 21
internal_count=1858 1667 468 191 115 33 191 76 172 100 35 277 1199 303 90 70 94 45 47 33 41 49 291 63 82 29 22 35 228 21
is_linear=0
shrinkage=0.05


Tree=2
num_leaves=31
num_cat=0
split_feature=0 0 16 2 11 9 8 8 10 12 0 6 2 13 2 6 8 9 12 8 2 12 2 8 6 6 6 8 8 13
split_gain=4.59402 6.39617 7.31547 10.859 4.83449 4.58404 3.25838 2.30104 1.76042 1.49708 1.3045 0.89847 0.888889 0.872727 0.853186 0.610702 0.660586 0.603352 3.25955 0.4994 1.27127 1.38846 0.4662 0.442158 0.744339 1.02087 0.416667 0.45 0.408337 0.393522
threshold=8.5000000000000018 367.00000000000006 1.0000000180025095e-35 154.50000000000003 6406934.0000000009 15950.500000000002 5291.0000000000009 194669.00000000003 253472957.00000003 7.5000000000000009 19.500000000000004 112.50000000000001 1.5000000000000002 1.0000000180025095e-35 103.50000000000001 33.500000000000007 212.50000000000003 21482.000000000004 11.500000000000002 7887.0000000000009 148.50000000000003 7.5000000000000009 3.5000000000000004 1382.5000000000002 23.500000000000004 31.500000000000004 193.50000000000003 46085.500000000007 4427.5000000000009 2.5000000000000004
decision_type=2 2 2 2 2 2 2 2 2 2 2 2 2 2 2 2 2 2 2 2 2 2 2 2 2 2 2 2 2 2
left_child=7 10 3 6 5 -5 15 8 9 12 11 17 -1 -8 -4 16 -3 18 -2 20 21 -16 -14 24 -19 -26 27 -13 -22 -11
right_child=1 2 14 4 -6 -7 13 -9 -10 29 -12 26 22 -15 19 -17 -18 23 -20 -21 28 -23 -24 -25 25 -27 -28 -29 -30 -31
leaf_value=-0.068699879188690624 0.01482975560124275 -0.045515410590492911 -0.066395810462446067 0.067824615170844912 0.021139853286342492 -0.073546267912048838 -0.048245502621755199 0.21910183276665662 -0.1393603040737259 -0.041013245600746262 0.044909094094381707 -0.016486404969039536 -0.025032452187676354 0.0070844743116979308 -0.091304751479223512 -0.060947968668679277 -0.087645090878594886 0.029788696778413899 -0.029513088849175025 0.078582588195742445 0.030620078157106257 0.0014111969674273047 -0.082054778317620106 0.035138006426182491 -0.086904579927976275 0.00058682068174760883 -0.0037264735403875538 -0.17873021296712385 -0.11453948435760922 -0.011813436105282342
leaf_weight=11.999999999999998 53 15.999999999999998 17 12.000000000000002 86 19 12.000000000000002 32 9.9999999999999982 65 950 10.000000000000005 11.000000000000002 9.9999999999999982 10.000000000000002 11.999999999999998 22 50 12.999999999999998 152 62 15.999999999999998 12.999999999999998 117 10.000000000000002 19 9.9999999999999982 9.9999999999999982 14.999999999999998 49
leaf_count=12 53 16 17 12 86 19 12 32 10 65 950 10 11 10 10 12 22 50 13 152 62 16 13 117 10 19 10 10 15 49
internal_value=9.23485e-05 0.000918967 -0.00411063 -0.0116667 -0.00226496 -0.0191935 -0.0269444 -0.00723958 -0.0096875 -0.00833333 0.00278583 -0.000136986 -0.0172222 -0.0109091 0.00113971 -0.034 -0.0371053 0.000801527 -0.00333333 0.00186275 -0.000825243 -0.0103846 -0.0116667 0.00219388 -0.000696202 -0.00706897 -0.00833333 -0.0125 0.0024026 -0.00552632
internal_weight=1895 1703 461 189 117 31 72 192 160 150 1242 292 36 22 272 50 38 262 66 255 103 26 24 196 79 29 30 20 77 114
internal_count=1895 1703 461 189 117 31 72 192 160 150 1242 292 36 22 272 50 38 262 66 255 103 26 24 196 79 29 30 20 77 114
is_linear=0
shrinkage=0.05


Tree=3
num_leaves=31
num_cat=0
split_feature=0 1 16 0 6 2 11 16 12 11 8 6 0 6 2 13 13 2 0 13 8 0 0 11 11 0 8 6 13 6
split_gain=4.72465 9.17757 6.50347 5.1588 4.2962 3.16991 3.06786 4.52078 4.81667 1.69703 1.54862 1.51592 1.07768 1.67737 0.795489 0.689317 1.07143 0.771164 1.23479 0.656818 0.484848 0.409297 1.32922 0.692043 0.744048 0.409091 0.376878 0.802836 1.10823 0.916017
threshold=377.00000000000006 30.500000000000004 1.0000000180025095e-35 9.5000000000000018 187.50000000000003 151.50000000000003 6406934.0000000009 1.0000000180025095e-35 7.5000000000000009 4670173.5000000009 46428.000000000007 45.500000000000007 20.500000000000004 112.50000000000001 122.50000000000001 2.5000000000000004 1.0000000180025095e-35 3.5000000000000004 3.5000000000000004 1.0000000180025095e-35 4729.5000000000009 3.5000000000000004 5.5000000000000009 22450264.500000004 9725181.0000000019 13.500000000000002 1382.5000000000002 21.500000000000004 1.5000000000000002 34.500000000000007
decision_type=2 2 2 2 2 2 2 2 2 2 2 2 2 2 2 2 2 2 2 2 2 2 2 2 2 2 2 2 2 2
left_child=3 2 5 4 10 11 7 8 -3 -4 15 14 13 26 -2 16 20 18 -17 -15 -1 -18 -23 24 -24 -21 27 -5 -29 -30
right_child=1 6 9 12 -6 -7 -8 -9 -10 -11 -12 -13 -14 19 -16 17 21 -19 -20 25 -22 22 23 -25 -26 -27 -28 28 29 -31
leaf_value=0.036057499075324052 -0.068738041451922569 0.063916068518397887 -0.10500707254590616 0.010772397149601048 -0.11558864800548441 -0.0097882410893086053 0.040519626206419253 0.080696522870774959 -0.071272601032623548 -0.0013590695606675717 0.094321385757790699 -0.054220655753591709 0.041856651748391593 -0.017061784578169124 -0.1025190484687212 0.0077167340173650723 -0.11335846349321942 0.01581638532622294 -0.095128266198910155 -0.063615184002964981 -0.0292244153823925 0.0081707591929365882 -0.081993606000941133 -0.047053594859299171 -0.026372605503380022 -0.19075936702149476 0.032630249603133148 0.0088379436673207135 -0.082559350931577458 -0.0076400221816872275
leaf_weight=16.000000000000004 9.9999999999999982 10.000000000000002 17 97 12.999999999999998 11.999999999999998 239 33 20 55 40 14.999999999999998 934 9.9999999999999982 28 18 13.999999999999998 32 19 11.000000000000002 10.999999999999998 10.999999999999998 10.000000000000002 13.999999999999998 13.999999999999998 10.999999999999998 128 11.999999999999998 10.000000000000002 10.999999999999998
leaf_count=16 10 10 17 97 13 12 239 33 20 55 40 15 934 10 28 18 14 32 19 11 11 11 10 14 14 11 128 12 10 11
internal_value=0.0002 -0.00433941 -0.015073 0.00158774 -0.00561321 -0.0265385 0.000529801 -0.00928571 -0.0233333 -0.00472222 -0.00379397 -0.0317925 0.00283497 0.000172414 -0.0371053 -0.00600629 -0.00888889 -0.00224638 -0.00716216 -0.010625 -0.000555555 -0.0124603 -0.0103061 -0.0147368 -0.00958333 -0.0154545 0.00151163 -0.000384615 -0.00712121 -0.0140476
internal_weight=1875 439 137 1436 212 65 302 63 30 72 199 53 1224 290 38 159 90 69 37 32 27 63 49 38 24 22 258 130 33 21
internal_count=1875 439 137 1436 212 65 302 63 30 72 199 53 1224 290 38 159 90 69 37 32 27 63 49 38 24 22 258 130 33 21
is_linear=0
shrinkage=0.05


Tree=4
num_leaves=31
num_cat=0
split_feature=0 0 1 6 16 11 0 12 2 8 10 10 13 8 2 8 0 6 10 0 6 12 0 8 8 8 0 6 12 8
split_gain=4.215 5.83432 7.97814 4.65813 4.17344 2.7917 3.9619 4.00238 2.3141 1.53777 1.53361 1.98294 1.27148 1.00318 1.25 0.740674 0.730948 0.970274 0.653358 0.562207 0.528189 0.472266 0.884173 0.71334 0.430769 1.90556 0.445157 0.544662 0.37296 0.339719
threshold=8.5000000000000018 367.00000000000006 30.500000000000004 187.50000000000003 1.0000000180025095e-35 6406934.0000000009 1270.5000000000002 11.500000000000002 148.50000000000003 46428.000000000007 4421837.0000000009 417871.00000000006 1.5000000000000002 67.500000000000014 1.5000000000000002 4729.5000000000009 21.500000000000004 189.50000000000003 14215863.000000002 533.00000000000011 44.500000000000007 7.5000000000000009 3.5000000000000004 13379.000000000002 329.50000000000006 228.50000000000003 4.5000000000000009 23.500000000000004 10.500000000000002 29711.500000000004
decision_type=2 2 2 2 2 2 2 2 2 2 2 2 2 2 2 2 2 2 2 2 2 2 2 2 2 2 2 2 2 2
left_child=3 16 4 9 8 6 -4 -8 12 13 11 -6 18 14 -1 24 17 29 -3 -14 -12 -17 -23 -24 25 -15 27 -26 -22 -2
right_child=1 2 5 -5 10 -7 7 -9 -10 -11 20 -13 19 15 -16 21 -18 -19 -20 -21 28 22 23 -25 26 -27 -28 -29 -30 -31
leaf_value=-0.076411656277495021 0.00093240504408310205 -0.076792656278860075 0.14270390956610965 -0.12661285646976536 0.11581981444089347 0.038000067121707976 -0.074882100507118507 -0.067708970980992378 -0.0092988290348431611 0.095440440221350578 0.010259786869975203 -0.099756718918610876 -0.065638170232868651 0.014763943327961652 -0.034744189713400257 -0.02594489831506985 0.039852756792498979 -0.13290660840370733 -0.097909555995395622 -0.039203593578736456 -0.023435102410211413 0.046649253050134343 -0.066029278321342796 -0.0098876022475896004 0.026332793661699019 -0.084539857339738955 0.0091817271754018916 -0.067359967317372246 0.021716745317319042 0.032581316753531313
leaf_weight=10.000000000000002 262 10.000000000000002 26 9.9999999999999982 10.000000000000002 239 14.000000000000002 15.999999999999998 11.999999999999998 32 29 12.999999999999998 10.000000000000002 18.000000000000004 9.9999999999999982 9.9999999999999982 931 14.999999999999998 19 12.999999999999998 15.000000000000002 9.9999999999999982 11.000000000000002 18 10.000000000000002 9.9999999999999982 25 17 10.999999999999998 53
leaf_count=10 262 10 26 10 10 239 14 16 12 32 29 13 10 18 10 10 931 15 19 13 15 10 11 18 10 10 25 17 11 53
internal_value=0.000262044 0.00105418 -0.00392448 -0.0067801 -0.013662 0.000762712 -0.00928571 -0.0216667 -0.023125 -0.00494475 -0.00589744 -0.0167391 -0.0276923 -0.00708054 -0.0175 -0.00546512 0.00277954 0.000757576 -0.0346552 -0.018913 -0.00136364 -0.0103061 -0.00782051 -0.0122414 -0.0025 -0.0075 0.000192308 -0.00425926 -0.00653846 0.00134921
internal_weight=1889 1698 437 191 142 295 56 30 64 181 78 23 52 149 20 129 1261 330 29 23 55 49 39 29 80 28 52 27 26 315
internal_count=1889 1698 437 191 142 295 56 30 64 181 78 23 52 149 20 129 1261 330 29 23 55 49 39 29 80 28 52 27 26 315
is_linear=0
shrinkage=0.05


Tree=5
num_leaves=31
num_cat=0
split_feature=16 2 2 10 12 2 6 2 8 6 2 1 8 8 1 13 13 8 2 2 11 8 12 10 10 2 6 2 8 8
split_gain=4.04462 7.1801 5.72109 4.94723 3.87989 3.01469 3.01265 2.19912 2.89699 1.54022 1.41774 1.77941 0.884028 1.72596 0.790843 0.603553 1.10554 0.573953 0.61589 1.43645 0.678115 1.83333 0.573413 0.519231 0.513813 0.992647 0.508409 1.11323 0.385489 0.73175
threshold=1.0000000180025095e-35 92.500000000000014 148.50000000000003 8194651.5000000009 11.500000000000002 5.5000000000000009 187.50000000000003 4.5000000000000009 76.500000000000014 50.500000000000007 119.50000000000001 16.500000000000004 3927.0000000000005 212.50000000000003 228.00000000000003 1.5000000000000002 2.5000000000000004 46428.000000000007 98.500000000000014 102.50000000000001 4670173.5000000009 41.500000000000007 15.500000000000002 13950243.500000002 320016344.50000006 21.500000000000004 112.50000000000001 9.5000000000000018 23285.500000000004 4994.5000000000009
decision_type=2 2 2 2 2 2 2 2 2 2 2 2 2 2 2 2 2 2 2 2 2 2 2 2 2 2 2 2 2 2
left_child=1 5 10 4 -4 6 15 8 -2 28 11 -3 13 -12 -6 -1 23 18 26 -20 21 -21 -5 -17 -7 -26 -9 -28 29 -10
right_child=7 2 3 22 14 24 -8 17 9 -11 12 -13 -14 -15 -16 16 -18 -19 19 20 -22 -23 -24 -25 25 -27 27 -29 -30 -31
leaf_value=0.0068360588515393554 -0.12678029272442107 -0.04384995257209183 0.058028669585545624 0.024859800653754774 -0.064323522431942767 0.023323442140832241 -0.055880596790032655 0.02931670466850831 0.001276285031670196 -0.022564548494047564 -0.028787495605355408 -0.039288588993353545 -0.033281836888334734 -0.1889298915181834 -0.019228424361173248 -0.010681015245496124 -0.010497358438884377 0.19164674209539831 -0.054376631582265134 0.12138386193399886 0.016832751795645268 -0.094768882972680324 -0.16633613563063807 -0.071481898076748762 -0.17737154188684118 0.10674701387309536 -0.16777462665392218 0.021667038729431765 0.079619563811412913 -0.018236095722039707
leaf_weight=30 9.9999999999999982 15.999999999999998 13.999999999999998 72 12.000000000000002 477 14.999999999999998 477 41 21 10.000000000000002 18 9.9999999999999982 21 10.999999999999998 12.000000000000002 33 254 10.999999999999998 22 149 10.999999999999998 11.999999999999998 12.999999999999998 17 14.999999999999998 12.999999999999998 41 36 10.999999999999998
leaf_count=30 10 16 14 72 12 477 15 477 41 21 10 18 10 21 11 12 33 254 11 22 149 11 12 13 17 15 13 41 36 11
internal_value=0.000196851 -0.00248762 -0.0108163 -0.00409091 -0.0193243 0.000179739 -0.00762136 0.00217411 -0.0042437 -0.00188073 -0.0216667 -0.0141176 -0.0279268 -0.0320968 -0.0319565 -0.00409091 -0.00706897 0.00295501 0.00223757 -0.000181347 0.000879121 -0.00560606 0.00261905 -0.015 0.00175835 -0.004375 0.00311676 -0.00148148 0.00102273 -0.00173077
internal_weight=1905 808 196 121 37 612 103 1097 119 109 75 34 41 31 23 88 58 978 724 193 182 33 84 25 509 32 531 54 88 52
internal_count=1905 808 196 121 37 612 103 1097 119 109 75 34 41 31 23 88 58 978 724 193 182 33 84 25 509 32 531 54 88 52
is_linear=0
shrinkage=0.05


Tree=6
num_leaves=31
num_cat=0
split_feature=0 1 2 16 6 8 11 11 11 2 12 8 1 2 2 10 6 2 1 13 13 13 0 12 6 16 12 8 6 0
split_gain=4.42879 8.14511 4.29254 3.79598 2.8029 2.26352 2.1528 3.15402 2.33333 1.60866 1.05012 0.975681 0.886878 1.82402 0.837015 0.998814 0.818473 0.720562 0.56 0.515794 0.851232 0.967798 1.11472 0.614749 0.59112 0.443204 0.387741 0.40128 0.734705 0.6
threshold=377.00000000000006 30.500000000000004 5.5000000000000009 1.0000000180025095e-35 198.50000000000003 19.500000000000004 6221978.5000000009 1700829.0000000002 3531901.0000000005 151.50000000000003 12.500000000000002 46428.000000000007 25.500000000000004 141.50000000000003 146.50000000000003 4421837.0000000009 26.500000000000004 4.5000000000000009 25.500000000000004 1.0000000180025095e-35 2.5000000000000004 1.5000000000000002 5.5000000000000009 7.5000000000000009 20.500000000000004 1.0000000180025095e-35 12.500000000000002 347.50000000000006 13.500000000000002 30.500000000000004
decision_type=2 2 2 2 2 2 2 2 2 2 2 2 2 2 2 2 2 2 2 2 2 2 2 2 2 2 2 2 2 2
left_child=2 3 4 9 5 -1 7 -3 -9 10 12 17 13 16 15 -5 -2 19 -17 -7 21 24 -23 -22 -21 26 -4 28 29 -28
right_child=1 6 25 14 -6 11 -8 8 -10 -11 -12 -13 -14 -15 -16 18 -18 -19 -20 20 23 22 -24 -25 -26 -27 27 -29 -30 -31
leaf_value=-0.059986701677782583 -0.067434561979882984 0.064088789126965168 0.023216162001305742 -0.090030438252249434 -0.11748818380677549 0.008189024477220138 0.039236905893282999 -0.061107346310345624 -0.032467633488063141 -0.015817001569553849 -0.18046815525569337 0.083409549083869675 -0.088084663730933405 -0.015728682601529029 0.01150448140527046 -0.024716534024595477 -0.036508017788823212 0.0011703225858994382 0.014386465383783032 0.0026399508351464341 -0.016387735029215082 -0.043499270066790302 -0.066819421699493842 -0.0023511501029416302 -0.021436321096930118 0.047262703101481909 -0.0075525689187393363 0.0090762339183693957 -0.025261801200380286 0.079313454025425362
leaf_weight=11.999999999999998 11.000000000000002 30 387 10.999999999999998 9.9999999999999982 26 247 16.000000000000004 11.999999999999998 10.999999999999998 9.9999999999999982 42 18 9.9999999999999982 22 25 12.999999999999998 48 9.9999999999999982 16.000000000000004 10.999999999999998 13.000000000000002 15.999999999999998 49 10.999999999999998 670 10.000000000000002 88 12.999999999999998 20
leaf_count=12 11 30 387 11 10 26 247 16 12 11 10 42 18 10 22 25 13 48 10 16 11 13 16 49 11 670 10 88 13 20
internal_value=0.000497882 -0.0038565 0.00184466 -0.0137943 -0.00405512 -0.0029918 0.000737705 -0.00793103 -0.02 -0.0217123 -0.0248387 -0.00189655 -0.0276923 -0.0229412 -0.00529412 -0.00913043 -0.0304167 -0.00342105 -0.005 -0.00521127 -0.00663793 -0.0110714 -0.0174138 -0.0025 -0.00425926 0.00310606 0.00200772 -0.000343511 -0.00430233 1.86265e-10
internal_weight=1888 446 1442 141 254 244 305 58 28 73 62 232 52 34 68 46 24 190 35 142 116 56 29 60 27 1188 518 131 43 30
internal_count=1888 446 1442 141 254 244 305 58 28 73 62 232 52 34 68 46 24 190 35 142 116 56 29 60 27 1188 518 131 43 30
is_linear=0
shrinkage=0.05


Tree=7
num_leaves=31
num_cat=0
split_feature=0 1 0 16 11 10 6 16 2 9 8 2 8 6 8 13 0 6 6 8 12 1 12 10 8 6 12 9 12 6
split_gain=4.63631 7.54083 4.22638 4.02439 3.10129 4.35525 2.57305 2.44793 1.88929 1.57587 1.03158 1.2987 0.935101 1.60444 0.874741 0.843896 0.704104 1.18744 0.628291 0.994091 1.06206 0.586026 0.535117 0.359402 0.336792 0.886107 0.342118 0.872727 0.29697 0.429099
threshold=367.00000000000006 31.500000000000004 8.5000000000000018 1.0000000180025095e-35 6406934.0000000009 1357701.5000000002 175.50000000000003 1.0000000180025095e-35 148.50000000000003 379.50000000000006 2193.5000000000005 142.50000000000003 243.50000000000003 26.500000000000004 46428.000000000007 1.0000000180025095e-35 19.500000000000004 109.50000000000001 10.500000000000002 329.50000000000006 6.5000000000000009 1.5000000000000002 8.5000000000000018 109209879.50000001 881.00000000000011 23.500000000000004 11.500000000000002 31138.000000000004 12.500000000000002 26.500000000000004
decision_type=2 2 2 2 2 2 2 2 2 2 2 2 2 2 2 2 2 2 2 2 2 2 2 2 2 2 2 2 2 2
left_child=2 3 6 8 5 -3 9 -7 12 -1 11 -5 -2 -14 18 -15 17 24 -11 -20 -21 22 -19 28 25 26 -4 -28 29 -22
right_child=1 4 16 10 -6 7 -8 -9 -10 14 -12 -13 13 15 -16 -17 -18 21 19 20 23 -23 -24 -25 -26 -27 27 -29 -30 -31
leaf_value=-0.057862269279560521 -0.011673023741232129 0.059415562607549911 0.019164216100654909 -0.081529261889112969 0.037854188858638477 -0.058051978994828349 -0.053161904094217331 -0.10329941353388131 -0.033439415305979339 0.0028783604568895266 0.0063179050890987201 -0.01770189894774821 -0.06741160454875493 -0.055184399982666291 0.10125922934546468 -0.020953530104836027 0.037180434882578071 -0.14306600150863422 -0.069936205478728281 -0.068259480159652816 -0.027155147406834092 -0.15988689283078006 0.00038813304260451289 -0.029276968563337554 0.020709669434159531 -0.049222518200866303 -0.0360011811058513 0.045822250087015619 0.013634114361199072 0.0020382057012721176
leaf_weight=10.999999999999998 10.999999999999998 29 75 13.999999999999998 238 17.000000000000004 9.9999999999999982 9.9999999999999982 13.999999999999998 38 40 22 20 11.000000000000002 30 13.999999999999998 969 13.000000000000002 11.999999999999998 9.9999999999999982 18 10.999999999999998 9.9999999999999982 18 146 14.999999999999998 10.000000000000002 11.999999999999998 15.999999999999998 26
leaf_count=11 11 29 75 14 238 17 10 10 14 38 40 22 20 11 30 14 969 13 12 10 18 11 10 18 146 15 10 12 16 26
internal_value=0.000291005 -0.00420455 0.00165517 -0.0134932 0.000408163 -0.0101786 -0.00531746 -0.0246296 -0.0221429 -0.00393855 -0.00552632 -0.0116667 -0.02625 -0.0294444 -0.00273809 -0.021 0.00270024 0.000547945 -0.00442029 -0.0065 -0.00465909 -0.00823529 -0.00369565 -0.00269231 0.00170543 -0.000357143 0.00139175 -0.00409091 -0.000833333 -0.00295455
internal_weight=1890 440 1450 146 294 56 189 27 70 179 76 36 56 45 168 25 1261 292 138 100 88 34 23 78 258 112 97 22 60 44
internal_count=1890 440 1450 146 294 56 189 27 70 179 76 36 56 45 168 25 1261 292 138 100 88 34 23 78 258 112 97 22 60 44
is_linear=0
shrinkage=0.05


Tree=8
num_leaves=31
num_cat=0
split_feature=0 1 0 6 8 11 11 16 13 8 9 16 8 12 6 0 6 9 1 9 4 0 0 12 8 16 12 0 8 8
split_gain=4.58315 6.77673 4.38157 5.06121 3.45884 2.95316 4.17165 2.96876 2.87201 2.54307 1.9163 1.6088 0.839911 0.769897 0.892857 0.556391 0.883428 0.529304 0.502265 0.997403 0.500433 0.45 0.370922 0.557143 0.34398 0.767582 0.6125 0.516425 0.320513 1.17788
threshold=367.00000000000006 30.500000000000004 8.5000000000000018 187.50000000000003 2389.0000000000005 6406934.0000000009 1506217.0000000002 1.0000000180025095e-35 1.0000000180025095e-35 1346.5000000000002 2083.5000000000005 1.0000000180025095e-35 44880.500000000007 7.5000000000000009 9.5000000000000018 18.500000000000004 189.50000000000003 23209.500000000004 25.500000000000004 71160.000000000015 5.5000000000000009 579.50000000000011 12.500000000000002 13.500000000000002 736.00000000000011 1.0000000180025095e-35 5.5000000000000009 14.500000000000002 329.50000000000006 207.50000000000003
decision_type=2 2 2 2 2 2 2 2 2 2 2 2 2 2 2 2 2 2 2 2 2 2 2 2 2 2 2 2 2 2
left_child=2 4 3 10 9 6 -3 20 -6 11 -1 18 13 14 -12 16 22 -13 19 -2 -8 -20 23 -4 25 27 -26 -24 29 -15
right_child=1 5 15 -5 8 -7 7 -9 -10 -11 12 17 -14 28 -16 -17 -18 -19 21 -21 -22 -23 24 -25 26 -27 -28 -29 -30 -31
leaf_value=-0.055275540605182541 -0.0013272533061442226 0.060463723706175802 0.017656024628690595 -0.10895567941172582 -0.037983891036156625 0.030238202435315765 -0.055149380018941985 -0.072266276945496463 0.028762783850386199 -0.081452453816978215 -0.009784324487551491 -0.036498885721102763 0.069170574127983123 0.012963577151599924 -0.064497707874446017 0.034449680034499233 -0.15971499996821029 0.0027832131939782515 -0.064353519346563678 -0.16770077092512067 -0.035844577339667838 -0.057029814882134648 -0.01865629984064926 -0.018997752118163673 -0.15698462406813743 0.013076751047126217 0.0062264639995626087 -0.0052108936125079379 -0.0012530435558005273 -0.071946037283884406
leaf_weight=15.999999999999998 10.000000000000002 33 91 9.9999999999999982 17 239 11.000000000000002 12.999999999999998 44 14.999999999999998 14.000000000000002 14.000000000000002 35 16.000000000000004 13.999999999999998 1006 10.999999999999998 12.999999999999998 10.000000000000002 10.999999999999998 9.9999999999999982 9.9999999999999982 11.000000000000002 13.999999999999998 9.9999999999999982 33 80 17 78 9.9999999999999982
leaf_count=16 10 33 91 10 17 239 11 13 44 15 14 14 35 16 14 1006 11 13 10 11 10 10 11 14 10 33 80 17 78 10
internal_value=0.000302714 -0.00411111 0.00165757 -0.00536269 -0.0130556 9.80394e-05 -0.0091791 -0.0214706 -0.00401639 -0.0196988 -0.00346995 -0.0155882 -0.00188623 -0.00371212 -0.0110714 0.00272192 0.000692884 -0.00611111 -0.0218293 -0.0164286 -0.0330952 -0.0275 0.00128906 0.00357143 -0.000298013 -0.00319672 0.00166667 -0.00928571 -0.00173077 -0.00653846
internal_weight=1916 450 1466 193 144 306 67 34 61 83 183 68 167 132 28 1273 267 27 41 21 21 20 256 105 151 61 90 28 104 26
internal_count=1916 450 1466 193 144 306 67 34 61 83 183 68 167 132 28 1273 267 27 41 21 21 20 256 105 151 61 90 28 104 26
is_linear=0
shrinkage=0.05


Tree=9
num_leaves=31
num_cat=0
split_feature=0 1 16 0 6 10 9 9 8 0 2 1 9 10 16 2 8 8 8 8 8 8 13 2 8 2 6 1 0 1
split_gain=3.3164 5.61623 4.72798 4.27298 4.52081 2.99586 3.51686 4.68324 2.29574 1.83273 1.68189 1.86023 1.55035 1.8 1.45628 0.932526 0.775763 0.622795 0.840429 0.621286 0.818193 0.506276 0.561059 0.477513 0.460317 0.44818 0.413048 0.984615 0.339394 0.335075
threshold=367.00000000000006 30.500000000000004 1.0000000180025095e-35 9.5000000000000018 187.50000000000003 9450886.5000000019 26245.500000000004 32499.000000000004 67.500000000000014 989.50000000000011 106.50000000000001 25.500000000000004 23209.500000000004 470855.00000000006 1.0000000180025095e-35 144.50000000000003 46428.000000000007 248.50000000000003 329.50000000000006 472.50000000000006 850.00000000000011 2255.0000000000005 2.5000000000000004 107.50000000000001 47863.500000000007 14.500000000000002 129.50000000000003 61.500000000000007 576.50000000000011 1424.5000000000002
decision_type=2 2 2 2 2 2 2 2 2 2 2 2 2 2 2 2 2 2 2 2 2 2 2 2 2 2 2 2 2 2
left_child=3 2 10 4 8 6 -3 -8 14 -9 -2 15 13 -4 -1 -12 17 -10 -19 -20 -21 -22 -23 -14 25 -5 29 -28 -13 -7
right_child=1 5 12 24 -6 26 7 9 16 -11 11 28 23 -15 -16 -17 -18 18 19 20 21 22 -24 -25 -26 -27 27 -29 -30 -31
leaf_value=-0.029986597334810079 -0.052330284525794649 0.02779443201983103 0.0071695323091360078 0.0026248399145659494 -0.086704254576584344 0.041720786843658729 -0.052391911044139851 0.10439624967152242 0.0060361154746064625 -0.093963120087992735 -0.048878167713272046 -0.0492075041195131 -0.019773580252003861 -0.077698967898036542 -0.11132690957320729 0.013460341016601891 0.073883399367145927 -0.06300368698331886 0.011672197151233198 -0.12260154559774597 0.0090170621987032944 -0.022111611909811382 0.0019594890108957761 0.0078887826168720886 0.1832321110085654 0.031103188004371507 -0.013841579813298789 0.097516390315281989 -0.034740120969712546 -0.0084129594220478006
leaf_weight=10.000000000000002 15.999999999999998 44 10.000000000000002 421 12.999999999999998 179 11.999999999999998 14.000000000000002 31 10.999999999999998 16.000000000000004 11.000000000000002 11.999999999999998 9.9999999999999982 10.999999999999998 12.999999999999998 38 10.999999999999998 19 10.999999999999998 24 44 17 42 174 623 10.000000000000002 15.999999999999998 9.9999999999999982 22
leaf_count=10 16 44 10 421 13 179 12 14 31 11 16 11 12 10 11 13 38 11 19 11 24 44 17 42 174 623 10 16 10 22
internal_value=0.000277045 -0.00348214 -0.0117857 0.00144091 -0.00482533 0.000292208 -0.00796296 -0.0193243 -0.00310185 -0.007 -0.0215152 -0.017 -0.00310811 -0.015 -0.0188095 -0.0087931 -0.00141026 -0.00296178 -0.00452381 -0.00326087 -0.00489583 -0.00323529 -0.00565574 0.0012963 0.00261905 0.00222222 0.00323789 -0.00269231 -0.0283333 0.00400498
internal_weight=1895 448 140 1447 229 308 81 37 216 25 66 50 74 20 21 29 195 157 126 115 96 85 61 54 1218 1044 227 26 21 201
internal_count=1895 448 140 1447 229 308 81 37 216 25 66 50 74 20 21 29 195 157 126 115 96 85 61 54 1218 1044 227 26 21 201
is_linear=0
shrinkage=0.05


Tree=10
num_leaves=31
num_cat=0
split_feature=0 16 2 10 0 6 10 12 8 1 13 1 13 8 0 9 12 10 6 8 12 13 10 12 6 12 11 13 8 9
split_gain=3.36814 5.61509 4.82263 4.17845 3.49358 3.41686 3.34405 1.53744 1.46997 1.37241 1.11055 0.953689 0.82672 0.8201 0.65092 0.604058 0.592641 0.526094 0.469376 0.435849 0.605217 0.467033 0.771429 0.410256 0.501961 0.406029 0.404125 0.382812 0.514718 0.480461
threshold=377.00000000000006 1.0000000180025095e-35 154.50000000000003 4227552.5000000009 9.5000000000000018 189.50000000000003 1537795.0000000002 4.5000000000000009 67.500000000000014 25.500000000000004 3.5000000000000004 23.500000000000004 1.0000000180025095e-35 46428.000000000007 19.500000000000004 469638.50000000006 10.500000000000002 13295012.500000002 112.50000000000001 1543.0000000000002 13.500000000000002 1.5000000000000002 58340793.500000007 10.500000000000002 44.500000000000007 12.500000000000002 239341297.50000003 4.5000000000000009 228.50000000000003 203461.50000000003
decision_type=2 2 2 2 2 2 2 2 2 2 2 2 2 2 2 2 2 2 2 2 2 2 2 2 2 2 2 2 2 2
left_child=4 2 7 6 5 8 -4 -2 -1 11 12 23 16 15 18 27 -9 -14 19 20 21 -6 -23 24 -3 -5 -20 28 -10 -30
right_child=1 9 3 25 14 -7 -8 10 13 -11 -12 -13 17 -15 -16 -17 -18 -19 26 -21 -22 22 -24 -25 -26 -27 -28 -29 29 -31
leaf_value=-0.11756572082596993 -0.057534341950046856 0.0069457392967484238 0.02061222266115106 0.017883359065961058 0.018903772967182913 -0.094268536288968141 -0.049772315491932867 -0.024311794155004295 0.012574839307969807 0.035431773451933553 -0.042278053818279607 -0.073494882731227493 0.0024044265103695785 0.068694316850410303 0.032828246827655581 -0.081734805326739227 -0.15778769647557928 -0.026773785522918432 -0.15233511500818098 0.029606734194764579 -0.058656829972402194 -4.6552390139497596e-05 -0.027652786920863849 0.058724300303696665 -0.063275578364449317 -0.026329874646389508 -0.054893641916255564 0.018443662882209087 -0.028339151175657808 0.0063259526320269613
leaf_weight=19 11.999999999999998 17.000000000000004 10.000000000000002 55 34 10.999999999999998 13.999999999999998 11.000000000000002 26 208 10.999999999999998 9.9999999999999982 11.000000000000002 39 955 9.9999999999999982 9.9999999999999982 15.999999999999998 11.000000000000002 117 11.999999999999998 60 9.9999999999999982 11.999999999999998 9.9999999999999982 31 17 15.999999999999998 83 19
leaf_count=19 12 17 10 55 34 11 14 11 26 208 11 10 11 39 955 10 10 16 11 117 12 60 10 12 10 31 17 16 83 19
internal_value=0.000391582 -0.00344749 -0.0101934 -0.00363636 0.00156011 -0.00419282 -0.0220833 -0.0203521 -0.00278302 0.0013035 -0.0170339 -0.00622449 -0.01375 -0.00147668 0.00261513 -0.00311688 -0.0211905 -0.00796296 0.000402299 0.00113734 -0.00103448 0.000192308 -0.00214286 -0.00269231 -0.00611111 0.00151163 -0.00571429 -0.00229167 -0.00320312 -0.00480392
internal_weight=1877 438 181 110 1439 223 24 71 212 257 59 49 48 193 1216 154 21 27 261 233 116 104 70 39 27 86 28 144 128 102
internal_count=1877 438 181 110 1439 223 24 71 212 257 59 49 48 193 1216 154 21 27 261 233 116 104 70 39 27 86 28 144 128 102
is_linear=0
shrinkage=0.05


Tree=11
num_leaves=31
num_cat=0
split_feature=0 1 2 6 8 11 10 12 8 12 8 13 6 1 10 2 0 6 6 11 6 8 11 12 10 10 6 13 6 8
split_gain=2.7196 6.82579 2.60007 4.0225 3.27995 2.42554 3.22582 2.63284 2.38206 2.29805 2.9901 1.97359 1.49184 0.874117 0.890646 0.520565 1.09475 0.8 0.489634 0.552288 0.390016 0.375424 0.569788 0.362594 0.589967 0.29489 0.792539 0.54697 0.283186 0.445455
threshold=321.50000000000006 29.500000000000004 5.5000000000000009 187.50000000000003 67.500000000000014 6406934.0000000009 1357701.5000000002 11.500000000000002 2438.5000000000005 7.5000000000000009 243.50000000000003 1.0000000180025095e-35 29.500000000000004 26.500000000000004 4421837.0000000009 23.500000000000004 71.500000000000014 7.5000000000000009 10.500000000000002 15134321.500000002 191.50000000000003 736.00000000000011 47944196.000000007 7.5000000000000009 55504921.500000007 25843046.000000004 17.500000000000004 3.5000000000000004 23.500000000000004 881.00000000000011
decision_type=2 2 2 2 2 2 2 2 2 2 2 2 2 2 2 2 2 2 2 2 2 2 2 2 2 2 2 2 2 2
left_child=2 8 3 4 -1 6 -3 -8 9 13 -11 -10 -12 14 -2 16 20 -18 -6 -20 21 22 25 24 -21 26 -4 -28 -25 -30
right_child=1 5 15 -5 18 -7 7 -9 11 10 12 -13 -14 -15 -16 -17 17 -19 19 23 -22 -23 -24 28 -26 -27 27 -29 29 -31
leaf_value=-0.096520329374001679 -0.0698201381162952 0.054405424239753433 0.016725586540328016 -0.065756120592093695 0.0075101752761190521 0.036739474683616033 0.029426347030027684 -0.045704597389905066 -0.037810371624666682 0.0061465687343795379 -0.047749403993062191 0.017963619581202628 -0.051930937172189308 -0.075413731060095121 -0.052075245233361489 0.038540694473978093 0.027747181674611682 -0.071648930318255533 -0.040410148940195983 -0.053049087679865006 -0.14965987520259691 0.023805630239576141 -0.016573707223901758 0.0102241375606737 0.0009618027652278224 0.017065462262473095 -0.13144803107453301 0.039232348996587944 -0.072784442755872356 0.0012999100690972143
leaf_weight=22 11.000000000000002 32 157 14.999999999999998 59 257 11.000000000000002 20 20 23 11.000000000000002 43 14.999999999999998 12.999999999999998 11.999999999999998 462 10.000000000000002 9.9999999999999982 17 10.000000000000002 20 403 13.999999999999998 32 12.999999999999998 40 12 10 14.999999999999998 66
leaf_count=22 11 32 157 15 59 257 11 20 20 23 11 43 15 13 12 462 10 10 17 10 20 403 14 32 13 40 12 10 15 66
internal_value=0.000283019 -0.00301282 0.0013951 -0.00323293 -0.00162393 0.00109375 -0.00769841 -0.0191935 -0.0118919 -0.0173529 -0.0103061 -0.00452381 -0.0219231 -0.0269444 -0.021087 0.00240773 0.00152367 -0.01 0.000283019 -0.00120915 0.001875 0.0020912 0.000493562 -0.000147059 -0.00586956 0.00111872 0.000251397 -0.00863636 0.0010177 -0.000555555
internal_weight=1855 468 1387 249 234 320 63 31 148 85 49 63 26 36 23 1138 676 20 212 153 656 636 233 136 23 219 179 22 113 81
internal_count=1855 468 1387 249 234 320 63 31 148 85 49 63 26 36 23 1138 676 20 212 153 656 636 233 136 23 219 179 22 113 81
is_linear=0
shrinkage=0.05


Tree=12
num_leaves=31
num_cat=0
split_feature=0 16 2 1 2 0 6 4 9 0 1 9 1 8 1 8 0 8 8 6 8 13 6 0 4 2 0 8 13 16
split_gain=2.69875 4.43903 4.89249 4.50999 2.21806 1.68835 2.64619 1.12782 0.964693 1.25598 0.884632 1.03971 0.816667 1.25 1.17485 0.87907 0.622222 0.537301 0.391589 0.386555 0.329947 0.302097 0.294327 0.608519 0.289469 0.372278 1.29832 0.293542 0.26779 0.248307
threshold=321.50000000000006 1.0000000180025095e-35 519.50000000000011 159.00000000000003 154.50000000000003 19.500000000000004 198.50000000000003 2.5000000000000004 2083.5000000000005 6.5000000000000009 33.500000000000007 23209.500000000004 28.500000000000004 1013.5000000000001 25.500000000000004 782.00000000000011 393.50000000000006 47336.000000000007 46085.500000000007 6.5000000000000009 47863.500000000007 4.5000000000000009 44.500000000000007 396.50000000000006 1.5000000000000002 23.500000000000004 71.500000000000014 46226.500000000007 1.0000000180025095e-35 1.0000000180025095e-35
decision_type=2 2 2 2 2 2 2 2 2 2 2 2 2 2 2 2 2 2 2 2 2 2 2 2 2 2 2 2 2 2
left_child=5 2 3 4 12 6 8 -6 9 -1 11 -3 14 -14 15 -2 -17 18 21 -4 24 28 -13 -24 25 26 27 -7 -10 -30
right_child=1 10 19 -5 7 20 -8 -9 17 -11 -12 22 13 -15 -16 16 -18 -19 -20 -21 -22 -23 23 -25 -26 -27 -28 -29 29 -31
leaf_value=-0.046250202253700912 -0.012385544972452957 -0.060839115677482049 -0.0033279199792117468 -0.045963709941276507 0.042164656106483012 0.0204556770939095 -0.080317556224308556 -0.039554035287184625 0.0015485291904019638 0.00061668152938039119 0.044093188714635058 0.0055068633612655573 -0.037214973924114228 0.0021295034454243095 -0.076787483900982667 -0.05497334211307231 -0.051917021681475231 0.15641168702885788 -0.14419831157799781 0.038263286591010963 0.17325878630637226 0.023168996411114084 0.039875959545843033 -0.024256565431107935 -0.011321788705605303 0.032649345195008693 -0.047587767209672997 -0.014837581554350441 -0.0090201838518444155 0.00055605822968860918
leaf_weight=13.999999999999998 14.999999999999998 19 17 10.999999999999998 24 350 11.999999999999998 13.999999999999998 72 19 184 31 10.000000000000002 9.9999999999999982 17 10.000000000000002 18 52 14.999999999999998 46 130 27 12.000000000000002 17 15.999999999999998 397 12.999999999999998 14.999999999999998 136 138
leaf_count=14 15 19 17 11 24 350 12 14 72 19 184 31 10 10 17 10 18 52 15 46 130 27 12 17 16 397 13 15 136 138
internal_value=0.000325094 -0.00302198 -0.00880208 -0.0143798 -0.0115254 0.00140825 -0.000979381 -0.00157895 -0.00039112 -0.00863636 0.00119772 -0.00322785 -0.01625 -0.0075 -0.0191667 -0.0147674 -0.02 0.000227273 -0.000412371 0.00261905 0.00266558 -9.38336e-05 1.86265e-10 -0.00362069 0.00228192 0.00241935 0.0012963 0.00184932 -0.000491329 -0.00120438
internal_weight=1861 455 192 129 118 1406 485 38 473 33 263 79 80 20 60 43 28 440 388 63 921 373 60 29 791 775 378 365 346 274
internal_count=1861 455 192 129 118 1406 485 38 473 33 263 79 80 20 60 43 28 440 388 63 921 373 60 29 791 775 378 365 346 274
is_linear=0
shrinkage=0.05


Tree=13
num_leaves=31
num_cat=0
split_feature=16 0 2 10 9 0 9 0 0 6 0 6 13 8 6 1 8 8 10 0 10 8 0 2 2 13 1 1 12 9
split_gain=2.56273 4.62633 2.94066 3.33274 3.90546 1.70963 1.92157 1.39536 0.977842 2.12549 1.25 0.847118 0.800128 0.774203 0.966843 0.622148 0.571429 0.556117 0.549012 0.575965 1.37333 1.68096 0.487013 0.45547 0.403846 0.378024 0.377554 0.373518 0.570218 0.310303
threshold=1.0000000180025095e-35 344.50000000000006 154.50000000000003 6641222.5000000009 15950.500000000002 6.5000000000000009 4140.0000000000009 533.00000000000011 19.500000000000004 187.50000000000003 10.500000000000002 42.500000000000007 1.5000000000000002 609.50000000000011 9.5000000000000018 19.500000000000004 3927.0000000000005 46428.000000000007 213404272.50000003 393.50000000000006 4421837.0000000009 94.500000000000014 5.5000000000000009 146.50000000000003 4.5000000000000009 2.5000000000000004 25.500000000000004 206.00000000000003 12.500000000000002 20527.000000000004
decision_type=2 2 2 2 2 2 2 2 2 2 2 2 2 2 2 2 2 2 2 2 2 2 2 2 2 2 2 2 2 2
left_child=1 8 7 4 -4 6 -2 15 9 12 -11 22 29 14 -14 -3 -17 18 19 -7 21 -21 -8 -22 -16 -15 -9 28 -5 -1
right_child=5 2 3 27 -6 17 11 26 -10 10 -12 -13 13 25 24 16 -18 -19 -20 20 23 -23 -24 -25 -26 -27 -28 -29 -30 -31
leaf_value=-0.0024338849617012684 -0.052797122638015864 -0.039744278164639768 0.034422464990976745 0.016641580428584931 -0.041775742942548946 0.028501400269083318 0.013952495868028056 -0.016393758962341413 0.015590885009063691 -0.087155572057041816 -0.13528636967857202 -0.084164836615945759 -0.0024601358238885923 -0.0235595062540917 -0.051954969820907707 -0.044144202285118332 0.0009523700588994242 0.15210609696991728 -0.015274463409034484 0.042084016894787309 -0.0066519410089458221 -0.092405796673000418 -0.0021457552313680519 0.027579994860476742 -0.13844963668044327 0.035782173527893348 -0.083978321047412305 0.033947900099560557 -0.061640881434663765 0.015700852821386412
leaf_weight=10.999999999999998 9.9999999999999982 14.999999999999998 11.000000000000002 27 17 541 44 15.000000000000002 409 10.000000000000002 9.9999999999999982 19 32 32 12.000000000000002 14.000000000000002 13.999999999999998 253 25 19.000000000000004 30 11.999999999999998 11.999999999999998 109 13.999999999999998 30 15.999999999999998 42 19 64
leaf_count=11 10 15 11 27 17 541 44 15 409 10 10 19 32 32 12 14 14 253 25 19 30 12 12 109 14 30 16 42 19 64
internal_value=0.000789195 -0.00132678 -0.00815789 -0.00318965 -0.0182143 0.00239292 -0.00441176 -0.0159459 0.000753205 -0.00197674 -0.0175 -0.00166667 -0.000384615 -0.00291667 -0.00706897 -0.0101163 -0.00571429 0.00297776 0.00228261 0.00253868 1.86265e-10 -0.00951613 0.00142857 0.0021223 -0.0142308 0.000967742 -0.0240323 0.00159091 -0.00152174 0.00366667
internal_weight=1888 814 190 116 28 1074 85 74 624 215 20 75 195 120 58 43 28 989 736 711 170 31 56 139 26 62 31 88 46 75
internal_count=1888 814 190 116 28 1074 85 74 624 215 20 75 195 120 58 43 28 989 736 711 170 31 56 139 26 62 31 88 46 75
is_linear=0
shrinkage=0.05


Tree=14
num_leaves=31
num_cat=0
split_feature=0 2 11 9 0 6 11 0 11 12 15 0 2 9 16 2 9 6 11 4 11 0 9 12 0 14 6 9 6 12
split_gain=2.16639 5.95558 2.41015 3.33022 1.98721 2.9741 1.60556 1.80249 1.36247 0.973795 0.928481 1.62148 1.06458 0.900778 0.772122 0.700431 0.67972 0.547753 1.29622 0.535185 0.409699 0.398694 0.697006 0.508466 0.684575 0.309648 0.357804 0.884132 1.69104 0.319829
threshold=533.00000000000011 154.50000000000003 8652287.5000000019 26245.500000000004 8.5000000000000018 175.50000000000003 4796814.5000000009 573.50000000000011 44215.000000000007 3.5000000000000004 1.0000000180025095e-35 367.00000000000006 124.50000000000001 72576.000000000015 1.0000000180025095e-35 103.50000000000001 32499.000000000004 7.5000000000000009 19385003.000000004 1.0000000180025095e-35 14116163.500000002 23.500000000000004 456063.00000000006 11.500000000000002 14.500000000000002 1.0000000180025095e-35 3.5000000000000004 48062.500000000007 17.500000000000004 8.5000000000000018
decision_type=2 2 2 2 2 2 2 2 2 2 2 2 2 2 2 2 2 2 2 2 2 2 2 2 2 2 2 2 2 2
left_child=4 6 3 -3 5 8 -2 -8 -1 -10 11 21 14 -9 19 -16 -5 -11 20 -13 -19 22 -6 24 -24 26 -23 28 29 -28
right_child=1 2 -4 16 10 -7 7 13 9 17 -12 12 -14 -15 15 -17 -18 18 -20 -21 -22 25 23 -25 -26 -27 27 -29 -30 -31
leaf_value=-0.032456003176619772 -0.058666886071327244 0.026105006382099658 0.021588146243969923 -0.040931980905433756 0.0040648261410977191 -0.024345922931970361 -0.08668945367209907 -0.029109192692497024 -0.085227116086733029 0.0070004649520323398 0.14929476951281556 -0.037385210970236858 0.07726717026836985 0.0033697710730079752 -0.041158586978910019 0.044125258406923162 -0.065727533323334364 -0.017050538975977105 0.0016353535187609181 -0.040627013519651624 -0.051679359805365616 0.034825429383379396 0.00048383015927596284 0.00085820795337148759 -0.13121341082471322 0.037421263358708594 -0.012318680147492149 0.013566094265682388 -0.11972618076311088 0.036711184917509125
leaf_weight=9.9999999999999982 14.999999999999998 27 176 11.000000000000002 288 9.9999999999999982 15.999999999999998 12.000000000000002 12.999999999999998 41 280 15.000000000000002 17 17 16.000000000000004 12.999999999999998 14.999999999999998 13.000000000000002 105 11.999999999999998 9.9999999999999982 62 14.000000000000002 14.999999999999998 12.999999999999998 316 42 263 22 25
leaf_count=10 15 27 176 11 288 10 16 12 13 41 280 15 17 17 16 13 15 13 105 12 10 62 14 15 13 316 42 263 22 25
internal_value=0.000509454 -0.00347751 0.000196507 -0.00915094 0.00122291 -0.00341584 -0.0175 -0.0127778 -0.00203125 -0.00104396 0.00188606 0.0012489 -0.0059589 -0.00534483 -0.00928571 -0.00362069 -0.0219231 -2.95856e-05 -0.00164062 -0.0153704 -0.0123913 0.00174528 0.00030303 -0.00571429 -0.00981481 0.00239726 0.00149758 0.000880682 -0.00342697 0.000522388
internal_weight=1904 289 229 53 1615 202 60 45 192 182 1413 1133 73 29 56 29 26 169 128 27 23 1060 330 42 27 730 414 352 89 67
internal_count=1904 289 229 53 1615 202 60 45 192 182 1413 1133 73 29 56 29 26 169 128 27 23 1060 330 42 27 730 414 352 89 67
is_linear=0
shrinkage=0.05


Tree=15
num_leaves=31
num_cat=0
split_feature=8 0 2 2 6 8 11 8 11 8 12 16 8 12 6 11 12 6 2 6 8 6 6 0 6 12 11 2 8 6
split_gain=2.47687 1.94212 3.05272 2.6478 4.08624 1.93003 1.71638 3.02735 1.54914 1.45435 0.919556 1.48194 1.00882 0.782609 0.538838 0.582854 0.985859 1.53676 0.508696 0.460049 0.45786 0.45 0.320739 0.410604 0.293627 0.448348 0.537202 0.412144 0.631955 0.578571
threshold=87647.000000000015 390.50000000000006 154.50000000000003 5.5000000000000009 198.50000000000003 2475.5000000000005 5105490.0000000009 4427.5000000000009 44215.000000000007 1259.5000000000002 8.5000000000000018 1.0000000180025095e-35 264.50000000000006 10.500000000000002 3.5000000000000004 23440302.000000004 14.500000000000002 16.500000000000004 12.500000000000002 30.500000000000004 11602.500000000002 25.500000000000004 127.50000000000001 294.00000000000006 17.500000000000004 7.5000000000000009 18363820.500000004 3.5000000000000004 936.50000000000011 79.500000000000014
decision_type=2 2 2 2 2 2 2 2 2 2 2 2 2 2 2 2 2 2 2 2 2 2 2 2 2 2 2 2 2 2
left_child=1 3 5 4 8 9 7 -4 -1 10 11 -3 -12 -7 -5 16 19 18 -18 -16 -15 -14 -17 -24 -10 -26 -27 28 -28 -30
right_child=-2 2 6 14 -6 13 -8 -9 24 -11 12 -13 21 20 15 22 17 -19 -20 -21 -22 -23 23 -25 25 26 27 -29 29 -31
leaf_value=-0.029345361864723474 0.15537264168826348 -0.034754138712268817 0.0033423744772750536 0.035889393548571527 -0.070726603663642529 0.016447144303709863 0.010132430172334504 -0.063168000022735496 0.00028099768735248727 -0.059076750092104648 0.014312779040732519 -0.016399894766379181 -0.050791776786147838 -0.00072008535570496817 0.011412140991331367 0.019791884359255177 -0.0030249803209788551 -0.19850430353335002 0.032059705061050721 -0.015719225906061243 -0.010356693029458158 -0.016878265769558084 0.0010192836013677349 -0.038335534496454639 -0.0094392610462846211 -0.021752098712514593 -0.11858456938510614 0.0083845044378041116 0.0049119536133986948 -0.055345717142018303
leaf_weight=11.999999999999998 271 15 21 192 11.999999999999998 23 193 15.999999999999998 91 17 13.999999999999998 14 10.000000000000002 10.000000000000002 258 455 10.000000000000002 9.9999999999999982 12.999999999999998 9.9999999999999982 12.999999999999998 9.9999999999999982 82 9.9999999999999982 20 11.999999999999998 9.9999999999999982 46 18.000000000000004 9.9999999999999982
leaf_count=12 271 15 21 192 12 23 193 16 91 17 14 14 10 10 258 455 10 10 13 10 13 10 82 10 20 12 10 46 18 10
internal_value=0.000574289 -0.000162876 -0.00342697 0.000751377 -0.00409091 -0.00968254 1.86265e-10 -0.00986486 -0.00253425 -0.014375 -0.010873 -0.0174138 -0.00529412 -0.00152174 0.00182692 0.00128538 -0.000481727 -0.00863636 -0.00152174 0.000522388 -0.00804348 -0.0125 0.00225777 -0.000434782 -0.00152174 -0.00318965 -0.00177083 -0.000357143 -0.00421053 -0.000357143
internal_weight=1898 1627 356 1271 231 126 230 37 219 80 63 29 34 46 1040 848 301 33 23 268 23 20 547 92 207 116 96 84 38 28
internal_count=1898 1627 356 1271 231 126 230 37 219 80 63 29 34 46 1040 848 301 33 23 268 23 20 547 92 207 116 96 84 38 28
is_linear=0
shrinkage=0.05


Tree=16
num_leaves=31
num_cat=0
split_feature=6 8 2 13 2 10 8 2 2 2 10 2 6 16 6 6 13 6 12 2 13 13 9 2 12 2 9 6 1 13
split_gain=2.23187 1.88655 1.8694 1.83144 1.25406 2.37771 4.47327 1.67801 1.40225 1.26 1.70667 1.19283 1.03483 0.865029 0.774391 0.598291 0.59282 0.47619 0.466673 0.384907 0.543036 1.11111 0.368002 0.33748 0.311111 0.291505 0.283855 0.482467 0.269259 0.433197
threshold=161.50000000000003 46428.000000000007 5.5000000000000009 1.5000000000000002 98.500000000000014 4421837.0000000009 41.500000000000007 513.00000000000011 4.5000000000000009 288.00000000000006 703119.50000000012 149.50000000000003 2.5000000000000004 1.0000000180025095e-35 97.500000000000014 173.50000000000003 1.5000000000000002 14.500000000000002 12.500000000000002 1.5000000000000002 1.5000000000000002 2.5000000000000004 325489.00000000006 2.5000000000000004 12.500000000000002 15.500000000000002 55135.000000000007 19.500000000000004 2.5000000000000004 2.5000000000000004
decision_type=2 2 2 2 2 2 2 2 2 2 2 2 2 2 2 2 2 2 2 2 2 2 2 2 2 2 2 2 2 2
left_child=1 4 3 -2 8 6 -6 9 12 10 -8 13 -1 16 18 -4 -7 -18 19 -14 -21 -22 -15 -23 -17 28 27 -13 -10 -30
right_child=2 -3 15 -5 5 11 7 -9 25 -11 -12 26 14 22 -16 24 17 -19 -20 20 21 23 -24 -25 -26 -27 -28 -29 29 -31
leaf_value=-0.032313212388991513 -0.0067696231370181735 0.13384670427470674 -0.014977846277293995 -0.024496442138950466 0.050103188795121281 -0.13290019475909126 -0.053615506281969483 -0.0068547974377232146 0.0049269851260734607 -0.041657318313612642 -0.023385312085735119 0.0060490093848212662 0.0024857112534654516 0.004431502592033139 -0.068309757441002747 0.026743862000675592 -0.024662496907798453 0.0070996349768250172 0.0090959383862425029 0.0027228503606683344 -0.041449823042571776 -0.050797361194128879 -0.010325287566751523 0.012679998624529926 -0.041750306320165034 0.026802299849689234 0.029519264394562185 -0.10746853373651324 0.010686317573623969 -0.02894449897691205
leaf_weight=18 13.000000000000002 283 14.999999999999998 9.9999999999999982 31 26 10.000000000000002 11.999999999999998 339 9.9999999999999982 14.999999999999998 37 14.999999999999998 32 9.9999999999999982 45 14.000000000000002 9.9999999999999982 29 29 14.999999999999998 11.000000000000002 12.999999999999998 19 18 563 139 14.999999999999998 60 46
leaf_count=18 13 283 15 10 31 26 10 12 339 10 15 37 15 32 10 45 14 10 29 29 15 11 13 19 18 563 139 15 60 46
internal_value=0.000846478 0.00125208 -0.00638614 -0.018913 0.00055336 -0.00200549 -0.00974359 -0.0194681 0.00136049 -0.025 -0.019 0.000104895 -0.00321918 -0.00447368 -0.00164062 -0.00269231 -0.009 -0.00333333 -0.000508474 -0.00230337 -0.00378378 -0.00722222 0.000555556 -0.00166667 -0.000555555 0.00202381 0.0023822 -0.000769231 0.00106742 -0.00113208
internal_weight=1902 1801 101 23 1518 364 78 47 1154 35 25 286 146 95 128 78 50 24 118 89 74 45 45 30 63 1008 191 52 445 106
internal_count=1902 1801 101 23 1518 364 78 47 1154 35 25 286 146 95 128 78 50 24 118 89 74 45 45 30 63 1008 191 52 445 106
is_linear=0
shrinkage=0.05


Tree=17
num_leaves=31
num_cat=0
split_feature=8 2 9 8 0 2 10 8 2 0 2 8 16 1 6 6 10 13 2 4 2 13 13 8 8 12 1 8 8 6
split_gain=2.05414 1.5011 1.51062 1.57187 1.49199 2.60417 1.49867 2.6609 1.26074 1.24615 0.703002 0.763969 0.609574 1.00213 0.992063 0.850983 0.825714 0.862564 0.5459 0.439955 0.413207 0.424072 0.708701 0.760599 0.859524 0.39 0.297619 0.292282 0.270968 0.2625
threshold=87647.000000000015 4.5000000000000009 469638.50000000006 25.500000000000004 302.00000000000006 513.00000000000011 4421837.0000000009 87.500000000000014 143.50000000000003 550.50000000000011 14.500000000000002 46085.500000000007 1.0000000180025095e-35 28.500000000000004 9.5000000000000018 127.50000000000001 28579402.000000004 1.0000000180025095e-35 7.5000000000000009 3.5000000000000004 1.5000000000000002 3.5000000000000004 1.0000000180025095e-35 11602.500000000002 248.50000000000003 8.5000000000000018 1863.0000000000002 353.50000000000006 2389.0000000000005 22.500000000000004
decision_type=2 2 2 2 2 2 2 2 2 2 2 2 2 2 2 2 2 2 2 2 2 2 2 2 2 2 2 2 2 2
left_child=1 2 3 -1 10 6 7 25 12 -9 11 -3 13 14 -8 28 -16 -18 -13 27 -5 22 -22 24 -24 -6 -7 -10 -14 -26
right_child=-2 4 -4 20 5 26 8 9 19 -11 -12 18 15 -15 16 -17 17 -19 -20 -21 21 -23 23 -25 29 -27 -28 -29 -30 -31
leaf_value=-0.026262433152037714 0.14295976545919506 0.0037266685310196009 -0.082925377659656851 0.0037278694025354069 -0.020019309434529075 0.026347712162480726 0.0020622825561805859 -0.022874193937515837 -0.0092778725955544716 -0.054277939416759007 0.02493515715336489 -0.073358670348668761 -0.024727718793459738 0.0045703163157502736 -0.03609608518737592 -0.020317410348939469 -0.13398176191060066 -0.025774379569582385 -0.007763441771878374 -0.016765719378803272 0.029397793103370082 0.0070053917547855896 0.0047092002763820893 0.0012560956250754192 -0.034591124086406334 0.078062095314711921 -0.0086108990368399235 0.0079341971709195117 0.01631677645303695 -0.14979835808534525
leaf_weight=11.999999999999998 263 415 17 23 12.000000000000002 140 9.9999999999999982 10.000000000000002 19 15.999999999999998 615 15.999999999999998 10.000000000000002 13.999999999999998 9.9999999999999982 9.9999999999999982 13.000000000000002 11.999999999999998 17 18 15.999999999999998 26 11.999999999999998 17 16.000000000000004 12.999999999999998 9.9999999999999982 62 21 13.999999999999998
leaf_count=12 263 415 17 23 12 140 10 10 19 16 615 16 10 14 10 10 13 12 17 18 16 26 12 17 16 13 10 62 21 14
internal_value=0.000902076 0.000235149 -0.00447712 -0.00272059 0.000727956 -0.001875 -0.005 -0.0126471 -0.0030402 -0.0238462 0.00170743 0.000200893 -0.007 -0.0102542 -0.0138889 -0.00231707 -0.0178571 -0.013 -0.00712121 0.000959596 -0.00104839 -0.00242574 -0.00433333 -0.00686441 -0.0104762 -0.001 0.00333333 0.00253086 0.00177419 -0.015
internal_weight=1879 1616 153 136 1463 400 250 51 199 26 1063 448 100 59 45 41 35 25 33 99 124 101 75 59 42 25 150 81 31 30
internal_count=1879 1616 153 136 1463 400 250 51 199 26 1063 448 100 59 45 41 35 25 33 99 124 101 75 59 42 25 150 81 31 30
is_linear=0
shrinkage=0.05


Tree=18
num_leaves=31
num_cat=0
split_feature=8 10 0 0 10 9 1 9 8 11 0 15 6 1 8 8 11 8 0 8 1 10 10 1 0 8 9 6 11 10
split_gain=1.92711 1.86474 2.57143 1.21075 1.88275 2.17862 1.75207 1.46197 1.32221 0.96375 0.949632 1.27777 0.914286 0.583333 0.773809 0.450401 1.31423 0.373793 0.315584 0.297436 0.289773 0.262462 0.570996 0.96498 0.499322 0.522466 0.316875 0.861024 0.279749 0.519985
threshold=87647.000000000015 253472957.00000003 8.5000000000000018 390.50000000000006 9450886.5000000019 29800.500000000004 33.500000000000007 32499.000000000004 520.00000000000011 164661427.00000003 39.500000000000007 1.0000000180025095e-35 207.50000000000003 12.500000000000002 47220.500000000007 41.500000000000007 2291545.0000000005 46085.500000000007 576.50000000000011 10925.500000000002 35.500000000000007 101527200.00000001 46544295.500000007 2.5000000000000004 19.500000000000004 1107.0000000000002 19836.000000000004 8.5000000000000018 9977291.5000000019 9789255.0000000019
decision_type=2 2 2 2 2 2 2 2 2 2 2 2 2 2 2 2 2 2 2 2 2 2 2 2 2 2 2 2 2 2
left_child=1 3 -3 10 5 15 8 -7 18 19 11 17 13 14 -4 -5 -17 21 -6 -10 -18 22 26 24 25 -24 27 -1 -28 -30
right_child=-2 2 12 4 6 7 -8 -9 9 -11 -12 -13 -14 -15 -16 16 20 -19 -20 -21 -22 -23 23 -25 -26 -27 28 -29 29 -31
leaf_value=0.0019684447082476738 0.14093199478770663 -0.062664722875484191 0.027051767579992853 0.019738943350930887 -0.12642444353963214 -0.033750859272583145 0.017593760052135886 -0.049291242707904748 0.013714030747311288 -0.045899282703711068 0.022828009069878228 -0.025544617850217312 0.074340912535612994 -0.0093743415158296598 -0.12721816989048618 -0.020527832298090781 -0.03170353919335047 -0.12593264010668739 -0.014178896069219731 -0.00046179523222052111 0.017078942643922575 0.0070255250131183765 -0.073343334688597536 -0.027090309960161804 0.062845961073400375 -0.00023383413742155391 0.031209121701196219 -0.028461465030085249 -0.012269004009907426 0.0035650265425839693
leaf_weight=119 258 11.999999999999998 13.000000000000002 23 11.000000000000002 12.000000000000002 163 17 29 13.999999999999998 553 15.999999999999998 30 13.999999999999998 14.999999999999998 19 15.999999999999998 17 9.9999999999999982 9.9999999999999982 17 103 14.999999999999998 14.999999999999998 23 29 59 24 9.9999999999999982 238
leaf_count=119 258 12 13 23 11 12 163 17 29 14 553 16 30 14 15 19 16 17 10 10 17 103 15 15 23 29 59 24 10 238
internal_value=0.000982143 0.00035237 -0.00690476 0.000742638 -0.0018915 -0.0075 0.00056962 -0.0191379 -0.00581081 -0.00160377 0.0014783 0.000209581 -0.00333333 -0.00809524 -0.00392857 -0.003 -0.00557692 0.000552147 -0.0164286 0.0024359 0.000454546 0.000748032 0.000300752 -0.00353659 -0.000970149 -0.00409091 0.001 -0.000944056 0.00190554 0.00116935
internal_weight=1904 1646 84 1562 341 104 237 29 74 53 1221 668 72 42 28 75 52 652 21 39 33 635 532 82 67 44 450 143 307 248
internal_count=1904 1646 84 1562 341 104 237 29 74 53 1221 668 72 42 28 75 52 652 21 39 33 635 532 82 67 44 450 143 307 248
is_linear=0
shrinkage=0.05


Tree=19
num_leaves=31
num_cat=0
split_feature=8 0 10 6 2 2 10 8 8 2 8 6 6 8 2 1 0 1 0 2 0 8 2 0 12 13 13 0 10 10
split_gain=2.02143 1.22345 2.88244 3.15438 1.92924 1.56879 2.13529 1.1484 1.0215 0.983528 1.5716 0.813949 0.613155 0.660539 0.399 0.534106 0.96358 0.451399 0.520408 0.397163 0.853286 0.385714 0.383095 0.34947 0.307788 0.469156 1.22942 0.301542 0.275 0.236166
threshold=87647.000000000015 367.00000000000006 4227552.5000000009 1.5000000000000002 149.50000000000003 500.50000000000006 3183874.0000000005 27958.500000000004 1925.0000000000002 4.5000000000000009 25.500000000000004 175.50000000000003 9.5000000000000018 505.50000000000006 16.500000000000004 8.5000000000000018 85.500000000000014 2.5000000000000004 39.500000000000007 54.500000000000007 175.50000000000003 101.50000000000001 1.5000000000000002 36.500000000000007 12.500000000000002 1.5000000000000002 2.5000000000000004 4.5000000000000009 12424474.000000002 47999399.500000007
decision_type=2 2 2 2 2 2 2 2 2 2 2 2 2 2 2 2 2 2 2 2 2 2 2 2 2 2 2 2 2 2
left_child=1 9 3 -3 7 6 21 8 12 10 -1 22 -4 -14 17 -16 -17 -11 23 20 -18 -5 -12 29 25 28 -27 -28 -24 -19
right_child=-2 2 4 5 -6 -7 -8 -9 -10 14 11 -13 13 -15 15 16 19 18 -20 -21 -22 -23 24 -25 -26 26 27 -29 -30 -31
leaf_value=-0.023672080601924966 0.12612768409602995 0.036986406480404126 0.0040623294190979924 -0.028076818961359076 0.020994550298017601 -0.0038485497959176193 -0.026005713626384531 -0.010360982989754944 0.014974318335067788 0.0028492869652909313 0.0048240605409055311 -0.011622368404396661 -0.026282944367667017 -0.036139650083449208 0.02860066644212755 -0.024698705384776896 0.0098410173231101052 -0.0001882173621729772 0.019162227804889582 0.013483538381665026 -0.10806672546796686 -0.047194442382128526 -0.026342345981475924 -0.12781371426287835 0.0068334172517935917 -0.054851214064500775 -0.10604447015119314 0.0047089747482810832 0.005373061844703997 -0.024595924496898815
leaf_weight=11.999999999999998 263 26 12.999999999999998 14.000000000000002 201 14.999999999999998 9.9999999999999982 18 33 399 28 9.9999999999999982 17 15.999999999999998 413 9.9999999999999982 51 60 21 86 13.999999999999998 9.9999999999999982 9.9999999999999982 11.999999999999998 27 19 12.999999999999998 24 22 26
leaf_count=12 263 26 13 14 201 15 10 18 33 399 28 10 17 16 413 10 51 60 21 86 14 10 10 12 27 19 13 24 22 26
internal_value=0.000932383 0.000276074 -0.00223861 -0.011 -3.35569e-05 -0.0184694 -0.0244118 -0.00582474 -0.00322785 0.00102228 -0.00257576 -0.00120915 -0.00804348 -0.0116667 0.00156593 0.00247387 3.10561e-05 0.000559846 -0.00214286 0.00102649 -0.00192308 -0.0325 -0.000244755 -0.00367347 -0.00152174 -0.00295455 -0.00571429 -0.000405405 0.001875 -0.00255814
internal_weight=1893 1630 373 75 298 49 34 97 79 1257 165 153 46 33 1092 574 161 518 119 151 65 24 143 98 115 88 56 37 32 86
internal_count=1893 1630 373 75 298 49 34 97 79 1257 165 153 46 33 1092 574 161 518 119 151 65 24 143 98 115 88 56 37 32 86
is_linear=0
shrinkage=0.05


Tree=20
num_leaves=31
num_cat=0
split_feature=8 0 10 8 2 10 2 2 6 15 1 9 9 2 12 12 10 0 9 6 9 10 1 10 12 9 12 10 0 0
split_gain=2.04726 1.40217 2.51289 3.27978 1.95984 1.28571 1.23649 0.8312 1.27464 1.12616 0.826794 0.749554 0.441818 0.45 0.35554 0.524803 0.457875 0.29641 0.29049 0.807723 0.718376 0.772028 0.680731 0.671078 0.491375 0.470588 0.412367 0.371212 0.296979 0.693333
threshold=48013.000000000007 367.00000000000006 4227552.5000000009 41.500000000000007 107.50000000000001 157446201.50000003 500.50000000000006 15.500000000000002 191.50000000000003 1.0000000180025095e-35 50.500000000000007 44961.000000000007 34327.000000000007 151.50000000000003 11.500000000000002 13.500000000000002 80413845.500000015 1428.5000000000002 54328.500000000007 9.5000000000000018 19836.000000000004 10692739.000000002 1.5000000000000002 18907939.500000004 11.500000000000002 13962.500000000002 5.5000000000000009 31927733.500000004 32.500000000000007 38.500000000000007
decision_type=2 2 2 2 2 2 2 2 2 2 2 2 2 2 2 2 2 2 2 2 2 2 2 2 2 2 2 2 2 2
left_child=1 7 3 -3 5 -4 10 8 9 18 -5 12 13 -6 -13 16 -16 -14 19 24 -21 -22 23 -23 -1 -26 27 -20 -28 -30
right_child=-2 2 4 6 11 -7 -8 -9 -10 -11 -12 14 17 -15 15 -17 -18 -19 26 20 21 22 -24 -25 25 -27 28 -29 29 -31
leaf_value=0.0064166155457023068 0.11372745048444835 0.020527676478512519 -0.0055756641865364704 -0.026048753042217571 -0.021654727047282565 -0.03855434228451856 -0.004666540199070624 0.020802230521332763 -0.070034769275674022 -0.021580084010018419 -0.03844250678846934 0.018527148963353845 -0.00048750679993760088 0.025020086449405579 -0.076278782249269456 0.040551860065788342 0.0079421546853861661 -0.14359083578068804 0.018179778519639134 -0.027548999944020228 0.028522230695439962 -0.077117724196071283 0.011622068215994454 -0.014730123674404556 0.013257102112097531 -0.0070770985469242528 0.0039532001185484675 -0.031323248165980914 -0.095703351625786845 0.045574899648364739
leaf_weight=123 285 26 14.000000000000002 19.000000000000004 12.000000000000002 13.999999999999998 12.999999999999998 604 20 12.999999999999998 10.999999999999998 138 12.000000000000002 18 15.000000000000002 34 12.999999999999998 12.999999999999998 10.999999999999998 11.999999999999998 23 14.999999999999998 23 17 17 17 281 33 12.000000000000002 12.999999999999998
leaf_count=123 285 26 14 19 12 14 13 604 20 13 11 138 12 18 15 34 13 13 11 12 23 15 23 17 17 17 281 33 12 13
internal_value=0.00109834 0.000397226 -0.00238636 -0.010942 -0.000300353 -0.0128571 -0.0194186 0.00119125 -7.93649e-05 0.000327869 -0.025 0.00107843 -0.00409091 1.86265e-10 0.0025 -0.000645161 -0.00571429 -0.009 0.000644891 -0.000668016 -0.00444444 -0.00269231 -0.00590909 -0.010625 0.00149682 -0.00382353 0.00157143 -0.00295455 0.00222222 -0.003
internal_weight=1871 1586 352 69 283 28 43 1234 630 610 30 255 55 30 200 62 28 25 597 247 90 78 55 32 157 34 350 44 306 25
internal_count=1871 1586 352 69 283 28 43 1234 630 610 30 255 55 30 200 62 28 25 597 247 90 78 55 32 157 34 350 44 306 25
is_linear=0
shrinkage=0.05


Tree=21
num_leaves=31
num_cat=0
split_feature=8 6 9 0 2 1 2 1 6 8 2 8 6 0 11 8 6 6 16 0 13 10 0 4 11 2 0 13 1 0
split_gain=2.05109 0.935029 1.00961 1.75748 1.80356 3.9807 1.26803 0.998811 0.792025 1.93772 0.961885 0.75013 1.14603 0.739719 0.645614 0.631952 0.353443 0.472896 0.336751 0.710418 0.46467 0.404222 0.394491 0.32754 0.436016 0.256061 0.254333 0.248162 0.228854 0.455089
threshold=87647.000000000015 228.50000000000003 44961.000000000007 393.50000000000006 500.50000000000006 140.00000000000003 1.5000000000000002 31.500000000000004 16.500000000000004 288.50000000000006 26.500000000000004 150.50000000000003 4.5000000000000009 68.500000000000014 14680308.500000002 46085.500000000007 171.50000000000003 161.50000000000003 1.0000000180025095e-35 19.500000000000004 2.5000000000000004 31733.000000000004 11.500000000000002 3.5000000000000004 239341297.50000003 145.50000000000003 44.500000000000007 1.5000000000000002 124.50000000000001 1428.5000000000002
decision_type=2 2 2 2 2 2 2 2 2 2 2 2 2 2 2 2 2 2 2 2 2 2 2 2 2 2 2 2 2 2
left_child=1 2 3 6 5 7 -1 11 10 -10 13 25 -13 18 -11 28 17 23 19 20 22 -20 -8 24 -17 -5 -18 -9 29 -4
right_child=-2 -3 15 4 -6 -7 8 27 9 14 -12 12 -14 -15 -16 16 26 -19 21 -21 -22 -23 -24 -25 -26 -27 -28 -29 -30 -31
leaf_value=-0.021409472371327801 0.12609069619638708 -0.0053482388258906614 0.0038216122327312651 0.0048116012138200576 0.002413775231916113 -0.039664673965152615 -0.0094082361443756229 0.0093618809210463255 -0.03698192953576606 -0.076001415112766882 0.037306058132526659 -0.057594865593518646 -0.025468954547126638 -0.010314085104051723 0.0097672079790016644 -0.11673996384176406 -0.11456677017701294 -0.0074860674139688964 -0.011489582735440066 0.020381518144573833 0.0071825568728965368 0.010953550428663394 -0.024791481606589109 0.037109465183339435 0.0037371420318692145 -0.0044214077581494074 0.025381705598522031 -0.022741843373110131 0.022174553379661864 -0.078743808804572879
leaf_weight=11.999999999999998 263 19 795 12.000000000000002 40 9.9999999999999982 17 14.999999999999998 9.9999999999999982 14.999999999999998 143 10.000000000000002 18 10.999999999999998 23 14.999999999999998 15.999999999999998 9.9999999999999982 23 66 27 83 18 9.9999999999999982 19 9.9999999999999982 31 17 100 10.999999999999998
leaf_count=12 263 19 795 12 40 10 17 15 10 15 143 10 18 11 23 15 16 10 23 66 27 83 18 10 19 10 31 17 100 11
internal_value=0.000906902 0.000236613 0.00036862 -0.0012931 -0.00636364 -0.0102174 0.000200893 -0.00658537 0.000642202 -0.00541667 0.00139175 -0.011 -0.0164286 -0.000510204 -0.000263158 0.00132572 -0.00242574 -0.00518518 8.54703e-05 -0.00164062 -0.00548387 0.00216981 -0.00928571 -0.00295455 -0.00529412 -0.00409091 0.000744681 0.0003125 0.00174393 0.00146402
internal_weight=1869 1606 1587 580 132 92 448 82 436 48 388 50 28 245 38 1007 101 54 234 128 62 106 35 44 34 22 47 32 906 806
internal_count=1869 1606 1587 580 132 92 448 82 436 48 388 50 28 245 38 1007 101 54 234 128 62 106 35 44 34 22 47 32 906 806
is_linear=0
shrinkage=0.05


Tree=22
num_leaves=31
num_cat=0
split_feature=8 0 2 0 15 6 11 9 0 2 1 8 8 6 8 2 0 0 9 1 8 6 13 1 0 8 8 9 2 1
split_gain=1.81551 1.29351 2.32102 1.30541 2.72391 1.50114 1.28962 0.909138 2.28913 2.47619 1.09578 0.744048 0.560808 1.0736 1.06667 0.415096 0.310858 0.406152 0.454648 0.545045 0.587849 0.586919 0.635419 0.365412 1.04392 0.334688 1.44558 0.278802 0.248782 0.269271
threshold=339409.50000000006 377.00000000000006 124.50000000000001 9.5000000000000018 1.0000000180025095e-35 189.50000000000003 13583017.500000002 26245.500000000004 1270.5000000000002 500.50000000000006 34.500000000000007 150.50000000000003 2438.5000000000005 9.5000000000000018 10122.000000000002 143.50000000000003 18.500000000000004 12.500000000000002 469638.50000000006 1.5000000000000002 1543.0000000000002 21.500000000000004 3.5000000000000004 8.5000000000000018 86.500000000000014 2255.0000000000005 7887.0000000000009 581568.00000000012 16.500000000000004 1.5000000000000002
decision_type=2 2 2 2 2 2 2 2 2 2 2 2 2 2 2 2 2 2 2 2 2 2 2 2 2 2 2 2 2 2
left_child=1 3 12 4 5 -1 7 10 -9 -10 11 -4 13 -3 -14 -8 17 -5 19 20 21 22 -19 28 -25 -26 -27 -17 29 -18
right_child=-2 2 6 16 -6 -7 15 8 9 -11 -12 -13 14 -15 -16 27 23 18 -20 -21 -22 -23 -24 24 25 26 -28 -29 -30 -31
leaf_value=-3.1519353486871633e-06 0.12281811135355342 -0.0070756546144511824 0.0012234374603853435 0.01233213072307374 -0.020353201281285583 -0.014959338971891591 -0.00010163368813647042 0.001601793109761211 -0.15527259441531216 -0.009357059418158141 0.027662525315916089 -0.054715122313842714 0.045883106453452865 -0.036297867621166539 -0.013131148171936252 0.013027821755012723 0.039903170309474822 0.010448522364892699 -0.11246855294097009 0.021384849830388224 0.031426683868844743 -0.0073207259044571959 -0.0059905313783033516 -0.0047639577343125891 0.0097856960611485497 -0.095645266608338261 0.023361681293773418 -0.0058905283073359578 0.03066318282879012 0.0049368385191684815
leaf_weight=168 246 14.000000000000002 14.000000000000002 77 10.999999999999998 9.9999999999999982 20 20 12.000000000000002 13.999999999999998 42 9.9999999999999982 12.000000000000002 17 14.999999999999998 168 69 26 18 46 26 11.999999999999998 10.999999999999998 13.999999999999998 92 14.999999999999998 58 18 415 195
leaf_count=168 246 14 14 77 11 10 20 20 12 14 42 10 12 17 15 168 69 26 18 46 26 12 11 14 92 15 58 18 415 195
internal_value=0.000994695 0.000393533 -0.00218085 0.00115994 -0.00267196 -0.00117978 -0.000503144 -0.00482143 -0.0102174 -0.02 -0.00106061 -0.00958333 -0.0113793 -0.0159677 -0.00611111 0.00184466 0.00183426 0.000138889 -0.00147482 -0.000371901 -0.003 -0.00622449 -0.00310811 0.00226107 0.000251397 0.00136364 -0.00116438 0.00258065 0.00279087 0.00159091
internal_weight=1885 1639 376 1263 189 178 318 112 46 26 66 24 58 31 27 206 1074 216 139 121 75 49 37 858 179 165 73 186 679 264
internal_count=1885 1639 376 1263 189 178 318 112 46 26 66 24 58 31 27 206 1074 216 139 121 75 49 37 858 179 165 73 186 679 264
is_linear=0
shrinkage=0.05


Tree=23
num_leaves=31
num_cat=0
split_feature=8 9 0 8 9 1 6 10 1 2 6 10 8 12 10 12 10 6 10 10 12 12 10 12 1 10 6 6 12 0
split_gain=2.20704 1.37592 1.54416 1.35618 1.17155 1.06922 1.72588 4.0872 2.00296 1.25656 0.875245 1.27708 1.05494 0.807596 0.740741 1.20655 0.848485 0.648642 0.589986 0.881998 0.684575 0.478876 0.392625 0.36814 0.526882 0.505806 0.721412 0.734803 0.362666 0.31746
threshold=87647.000000000015 633255.50000000012 8.5000000000000018 46855.500000000007 54328.500000000007 10.500000000000002 1.5000000000000002 561611.50000000012 17.500000000000004 4.5000000000000009 8.5000000000000018 5672930.0000000009 192.50000000000003 12.500000000000002 2996740.5000000005 11.500000000000002 7884706.0000000009 2.5000000000000004 17978580.500000004 22163575.500000004 9.5000000000000018 6.5000000000000009 9789255.0000000019 4.5000000000000009 18.500000000000004 31927733.500000004 36.500000000000007 137.50000000000003 12.500000000000002 14.500000000000002
decision_type=2 2 2 2 2 2 2 2 2 2 2 2 2 2 2 2 2 2 2 2 2 2 2 2 2 2 2 2 2 2
left_child=1 4 -3 -4 5 9 -7 -8 -9 17 29 12 -12 -5 15 -10 -16 -1 -13 20 -20 -18 -6 24 25 -24 -27 -28 -23 -11
right_child=-2 2 3 13 22 6 7 8 14 10 11 18 -14 -15 16 -17 21 -19 19 -21 -22 28 23 -25 -26 26 27 -29 -30 -31
leaf_value=-0.023312638322261544 0.10156047826765664 -0.044836869531938411 -0.0089690025105152605 0.024824655345490852 -0.013772701693354639 0.036333451799169407 -0.037080981052600458 -0.026322552385480848 0.00099444289138700837 -0.0010994904428307853 -0.012086758020982628 0.015223031305676447 -0.040255561221958218 -0.087008821822209717 0.0059148949615055665 -0.015665294630636397 -0.03908407006952333 -0.0029312548068894198 -0.010240215355571885 0.037074129330960534 -0.12676467037117189 0.0065784592847613274 0.0057557498649502652 0.0091592531884503291 0.050187209260648416 -0.024950333031106539 0.016038943425906567 -0.050418791571778636 -0.014813243720142186 0.033929049106687946
leaf_weight=18 269 12.999999999999998 17 43 27 41 10.999999999999998 14.999999999999998 13.000000000000002 42 14.000000000000002 76 12.999999999999998 12.999999999999998 42 13.999999999999998 19 43 14.000000000000002 15.999999999999998 12.999999999999998 24 18 706 31 15.999999999999998 38 21 23 210
leaf_count=18 269 13 17 43 27 41 11 15 13 42 14 76 13 13 42 14 19 43 14 16 13 24 18 706 31 16 38 21 23 210
internal_value=0.000808863 0.000105985 -0.00604651 -0.00321918 0.000454546 -0.00112708 -0.00415842 -0.00649068 -0.00433333 0.000206972 0.00123116 -0.00184931 -0.0116667 0.000535714 -0.00240741 -0.00981481 -0.000555555 -0.00647541 0.000378151 -0.00430233 -0.00981481 -0.00409091 0.00167445 0.00186747 -0.000645161 -0.00252688 -0.00433333 -0.00177966 -0.00138298 0.00301587
internal_weight=1873 1604 86 73 1518 661 202 161 150 459 398 146 27 56 135 27 108 61 119 43 27 66 857 830 124 93 75 59 47 252
internal_count=1873 1604 86 73 1518 661 202 161 150 459 398 146 27 56 135 27 108 61 119 43 27 66 857 830 124 93 75 59 47 252
is_linear=0
shrinkage=0.05


Tree=24
num_leaves=31
num_cat=0
split_feature=8 2 8 0 2 2 1 6 10 8 8 2 0 0 2 0 0 16 10 1 2 6 1 6 1 1 2 0 13 13
split_gain=1.78996 1.04162 1.9789 1.41556 2.31559 1.35428 1.42445 1.18541 0.826794 0.548937 0.855227 0.410303 0.637531 1.19212 0.570051 0.409699 0.393247 0.382471 0.55 0.366667 0.666667 0.45 0.305501 0.496032 0.289562 0.275 0.269388 0.351067 0.361474 0.67413
threshold=339409.50000000006 4.5000000000000009 46502.500000000007 377.00000000000006 500.50000000000006 107.50000000000001 141.50000000000003 3.5000000000000004 8543160.5000000019 4833.5000000000009 1259.5000000000002 31.500000000000004 71.500000000000014 76.500000000000014 16.500000000000004 4.5000000000000009 1142.5000000000002 1.0000000180025095e-35 45172985.000000007 26.500000000000004 154.50000000000003 8.5000000000000018 7.5000000000000009 5.5000000000000009 24.500000000000004 25.500000000000004 1.5000000000000002 3.5000000000000004 1.5000000000000002 2.5000000000000004
decision_type=2 2 2 2 2 2 2 2 2 2 2 2 2 2 2 2 2 2 2 2 2 2 2 2 2 2 2 2 2 2
left_child=1 2 7 11 5 8 9 15 -5 10 17 12 14 -14 -3 -1 24 18 19 21 -21 -7 -15 -24 -11 -19 -9 -28 -29 -30
right_child=-2 3 -4 4 -6 6 -8 26 -10 16 -12 -13 13 22 -16 -17 -18 25 -20 20 -22 -23 23 -25 -26 -27 27 28 29 -31
leaf_value=-0.01667574954395086 0.11993630709891488 0.0011258011360409618 -0.057536541039632516 -0.0075207524683005055 0.0064031616738966443 0.0043637767130210439 -0.014817554258017895 0.0068935414762409629 -0.030727087116850883 -0.00054679831968358693 -0.050415773135045 0.018314158404429237 -0.033552366920650556 0.016639162976634994 0.026101962053742097 -0.019367785514966891 -0.028728715062477497 -0.010151641430980327 0.0054608914902220893 -0.024918169915789434 -0.01955680785197874 -0.036015731603132012 0.023825292742569542 -0.010931318042850066 0.034854913865881701 0.0053640333906913844 -0.09168566476743828 0.0033619020564173972 -0.024279043213107088 0.01186340842882995
leaf_weight=13.000000000000002 247 517 9.9999999999999982 11.000000000000002 148 10.000000000000002 14.999999999999998 22 19 10.999999999999998 18 299 13.999999999999998 30 190 9.9999999999999982 12.999999999999998 9.9999999999999982 10.999999999999998 12.000000000000002 11.999999999999998 9.9999999999999982 10.000000000000002 18 43 22 9.9999999999999982 37 20 31
leaf_count=13 247 517 10 11 148 10 15 22 19 11 18 299 14 30 190 10 13 10 11 12 12 10 10 18 43 22 10 37 20 31
internal_value=0.00103907 0.000426065 -0.00349673 0.000841996 -0.00184931 -0.00513825 -0.00355615 -0.00199301 -0.015 -0.00226744 -0.00452381 0.00175325 0.00114891 -0.00333333 0.00160537 -0.0123913 0.00126866 -0.00247126 -0.005 -0.0075 -0.0116667 -0.0025 -0.000172414 -0.00392857 0.00314815 0.001875 1.86265e-10 -0.00112245 -0.000113636 -0.00284314
internal_weight=1843 1596 153 1443 365 217 187 143 30 172 105 1078 779 72 707 23 67 87 55 44 24 20 58 28 54 32 120 98 88 51
internal_count=1843 1596 153 1443 365 217 187 143 30 172 105 1078 779 72 707 23 67 87 55 44 24 20 58 28 54 32 120 98 88 51
is_linear=0
shrinkage=0.05


end of trees

feature_importances:
Column_8=128
Column_2=100
Column_6=100
Column_0=96
Column_10=57
Column_1=54
Column_12=54
Column_9=46
Column_13=45
Column_11=33
Column_16=26
Column_4=6
Column_15=4
Column_14=1

parameters:
[boosting: gbdt]
[objective: quantile]
[metric: quantile]
[tree_learner: serial]
[device_type: cpu]
[data_sample_strategy: bagging]
[data: ]
[valid: ]
[num_iterations: 120]
[learning_rate: 0.05]
[num_leaves: 31]
[num_threads: 0]
[seed: 0]
[deterministic: 0]
[force_col_wise: 0]
[force_row_wise: 0]
[histogram_pool_size: -1]
[max_depth: -1]
[min_data_in_leaf: 10]
[min_sum_hessian_in_leaf: 0.001]
[bagging_fraction: 0.85]
[pos_bagging_fraction: 1]
[neg_bagging_fraction: 1]
[bagging_freq: 1]
[bagging_seed: 3]
[bagging_by_query: 0]
[feature_fraction: 0.85]
[feature_fraction_bynode: 1]
[feature_fraction_seed: 2]
[extra_trees: 0]
[extra_seed: 6]
[early_stopping_round: 0]
[early_stopping_min_delta: 0]
[first_metric_only: 0]
[max_delta_step: 0]
[lambda_l1: 0]
[lambda_l2: 0]
[linear_lambda: 0]
[min_gain_to_split: 0]
[drop_rate: 0.1]
[max_drop: 50]
[skip_drop: 0.5]
[xgboost_dart_mode: 0]
[uniform_drop: 0]
[drop_seed: 4]
[top_rate: 0.2]
[other_rate: 0.1]
[min_data_per_group: 100]
[max_cat_threshold: 32]
[cat_l2: 10]
[cat_smooth: 10]
[max_cat_to_onehot: 4]
[top_k: 20]
[monotone_constraints: ]
[monotone_constraints_method: basic]
[monotone_penalty: 0]
[feature_contri: ]
[forcedsplits_filename: ]
[refit_decay_rate: 0.9]
[cegb_tradeoff: 1]
[cegb_penalty_split: 0]
[cegb_penalty_feature_lazy: ]
[cegb_penalty_feature_coupled: ]
[path_smooth: 0]
[interaction_constraints: ]
[verbosity: -1]
[saved_feature_importance_type: 0]
[use_quantized_grad: 0]
[num_grad_quant_bins: 4]
[quant_train_renew_leaf: 0]
[stochastic_rounding: 1]
[linear_tree: 0]
[max_bin: 255]
[max_bin_by_feature: ]
[min_data_in_bin: 3]
[bin_construct_sample_cnt: 200000]
[data_random_seed: 1]
[is_enable_sparse: 1]
[enable_bundle: 1]
[use_missing: 1]
[zero_as_missing: 0]
[feature_pre_filter: 1]
[pre_partition: 0]
[two_round: 0]
[header: 0]
[label_column: ]
[weight_column: ]
[group_column: ]
[ignore_column: ]
[categorical_feature: ]
[forcedbins_filename: ]
[precise_float_parser: 0]
[parser_config_file: ]
[objective_seed: 5]
[num_class: 1]
[is_unbalance: 0]
[scale_pos_weight: 1]
[sigmoid: 1]
[boost_from_average: 1]
[reg_sqrt: 0]
[alpha: 0.1]
[fair_c: 1]
[poisson_max_delta_step: 0.7]
[tweedie_variance_power: 1.5]
[lambdarank_truncation_level: 30]
[lambdarank_norm: 1]
[label_gain: ]
[lambdarank_position_bias_regularization: 0]
[eval_at: ]
[multi_error_top_k: 1]
[auc_mu_weights: ]
[num_machines: 1]
[local_listen_port: 12400]
[time_out: 120]
[machine_list_filename: ]
[machines: ]
[gpu_platform_id: -1]
[gpu_device_id: -1]
[gpu_use_dp: 0]
[num_gpu: 1]

end of parameters

pandas_categorical:null
